(5, 2, 2) height 3 (M-1=6)
(5, 3, 1) height 6 (M-1=6)
(5, 4) height 2 (M-1=6)
(6, 3, 3, 2) height 4 (M-1=13)
(6, 4, 2, 2) height 7 (M-1=13)
(6, 4, 3, 1) height 13 (M-1=13)
(6, 5, 3) height 3 (M-1=13)
(7, 4, 4, 3, 2) height 5 (M-1=22)
(7, 5, 3, 3, 2) height 9 (M-1=22)
(7, 5, 4, 2, 2) height 15 (M-1=22)
(7, 5, 4, 3, 1) height 22 (M-1=22)
(7, 6, 4, 3) height 4 (M-1=22)
(8, 5, 5, 4, 3, 2) height 6 (M-1=33)
(8, 6, 4, 4, 3, 2) height 11 (M-1=33)
(8, 6, 5, 3, 3, 2) height 17 (M-1=33)
(8, 6, 5, 4, 2, 2) height 25 (M-1=33)
(8, 6, 5, 4, 3, 1) height 33 (M-1=33)
(8, 7, 5, 4, 3) height 5 (M-1=33)
(9, 6, 6, 5, 4, 3, 2) height 7 (M-1=46)
(9, 7, 5, 5, 4, 3, 2) height 13 (M-1=46)
(9, 7, 6, 4, 4, 3, 2) height 19 (M-1=46)
(9, 7, 6, 5, 3, 3, 2) height 28 (M-1=46)
(9, 7, 6, 5, 4, 2, 2) height 37 (M-1=46)
(9, 7, 6, 5, 4, 3, 1) height 46 (M-1=46)
(9, 8, 6, 5, 4, 3) height 6 (M-1=46)
(10, 7, 7, 6, 5, 4, 3, 2) height 8 (M-1=61)
(10, 8, 6, 6, 5, 4, 3, 2) height 15 (M-1=61)
(10, 8, 7, 5, 5, 4, 3, 2) height 21 (M-1=61)
(10, 8, 7, 6, 4, 4, 3, 2) height 31 (M-1=61)
(10, 8, 7, 6, 5, 3, 3, 2) height 41 (M-1=61)
(10, 8, 7, 6, 5, 4, 2, 2) height 51 (M-1=61)
(10, 8, 7, 6, 5, 4, 3, 1) height 61 (M-1=61)
(10, 9, 7, 6, 5, 4, 3) height 7 (M-1=61)
