000000000
000000011
000000101
100000101
100000100
100000111
100000001
100001101
100010101
100100101
101000101
110000101
000000110
000001001
000001010
000001100
000001111
010001111
010001110
010001101
010001011
010000111
010011111
010101111
011001111
110001111
000010001
001010001
001010000
001010011
001010101
001011001
001000001
001110001
011010001
101010001
000010010
000010100
010010100
010010101
010010110
010010000
010011100
010000100
010110100
011010100
110010100
000010111
000011000
100011000
100011001
100011010
100011100
100010000
100001000
100111000
101011000
110011000
000011011
000011101
000111101
000111100
000111111
000111001
000110101
000101101
001111101
010111101
100111101
000011110
001011110
001011111
001011100
001011010
001010110
001001110
001111110
011011110
101011110
000100001
000100100
000100111
000101000
000101011
000101110
000110000
000110011
000110110
000111010
001000010
001100010
001100011
001100000
001100110
001101010
001110010
011100010
101100010
100100010
100100011
100100000
100100110
100101010
100110010
100000010
110100010
001000100
001000111
001001000
011001000
011001001
011001010
011001100
011000000
011011000
011101000
010001000
111001000
001001011
101001011
101001010
101001001
101001111
101000011
101011011
101101011
100001011
111001011
001001101
001100101
011100101
011100100
011100111
011100001
011101101
011110101
011000101
010100101
111100101
001101001
001101100
101101100
101101101
101101110
101101000
101100100
101111100
101001100
100101100
111101100
001101111
001110100
001110111
101110111
101110110
101110101
101110011
101111111
101100111
101010111
100110111
111110111
001111000
001111011
011111011
011111010
011111001
011111111
011110011
011101011
011011011
010111011
111111011
010000001
010000010
010010011
110010011
110010010
110010001
110010111
110011011
110000011
110110011
111010011
100010011
010011001
010011010
010100000
010100011
010100110
010101001
110101001
110101000
110101011
110101101
110100001
110111001
110001001
111101001
100101001
010101010
010101100
010110001
010110010
010110111
010111000
010111110
110111110
110111111
110111100
110111010
110110110
110101110
110011110
111111110
100111110
011000011
011000110
111000110
111000111
111000100
111000010
111001110
111010110
111100110
110000110
101000110
011010010
011010111
011011101
111011101
111011100
111011111
111011001
111010101
111001101
111111101
110011101
101011101
011101110
011110000
111110000
111110001
111110010
111110100
111111000
111100000
111010000
110110000
101110000
011110110
011111100
100001110
100010110
100011111
100101111
100110001
100110100
100111011
101000000
101010010
101010100
101100001
101111001
101111010
110000000
110001010
110001100
110100100
110100111
110110101
111000001
111011010
111100011
111101010
111101111
000100010
000000001
000000100
000000111
000001000
000001011
000001101
000001110
000010000
000010011
000010101
000010110
000011001
000011010
000011100
000011111
000100101
000101001
000101100
000101111
000110001
000110100
000110111
000111000
000111011
000111110
001000000
001000011
001000101
001000110
001001001
001001010
001001100
001001111
001010010
001010100
001010111
001011000
001011011
001011101
001100001
001100100
001100111
001101000
001101011
001101101
001101110
001110000
001110011
001110101
001110110
001111001
001111010
001111100
001111111
010000000
010000011
010000101
010000110
010001001
010001010
010001100
010010001
010010010
010010111
010011000
010011011
010011101
010011110
010100001
010100100
010100111
010101000
010101011
010101101
010101110
010110000
010110011
010110101
010110110
010111001
010111010
010111100
010111111
011000001
011000010
011000100
011000111
011001011
011001101
011001110
011010000
011010011
011010101
011010110
011011001
011011010
011011100
011011111
011100000
011100011
011100110
011101001
011101010
011101100
011101111
011110001
011110010
011110100
011110111
011111000
011111101
011111110
100000000
100000011
100000110
100001001
100001010
100001100
100001111
100010001
100010010
100010100
100010111
100011011
100011101
100011110
100100001
100100100
100100111
100101000
100101011
100101101
100101110
100110000
100110011
100110101
100110110
100111001
100111010
100111100
100111111
101000001
101000010
101000100
101000111
101001000
101001101
101001110
101010000
101010011
101010101
101010110
101011001
101011010
101011100
101011111
101100000
101100011
101100101
101100110
101101001
101101010
101101111
101110001
101110010
101110100
101111000
101111011
101111101
101111110
110000001
110000010
110000100
110000111
110001000
110001011
110001101
110001110
110010000
110010101
110010110
110011001
110011010
110011100
110011111
110100000
110100011
110100101
110100110
110101010
110101100
110101111
110110001
110110010
110110100
110110111
110111000
110111011
110111101
111000000
111000011
111000101
111001001
111001010
111001100
111001111
111010001
111010010
111010100
111010111
111011000
111011011
111011110
111100001
111100010
111100100
111100111
111101000
111101011
111101101
111101110
111110011
111110101
111110110
111111001
111111010
111111100
111111111
000000010
000100000
000100011
000100110
000101010
000110010
010100010
