1100111
1010000
1101001
1011101
1000000
1010110
0010110
1111010
1011010
0101100
1000001
1100011
1110100
0110001
0110011
0100111
0000110
0011011
1111000
0011000
0110110
1110111
0010100
0100010
1011100
0100100
0110000
1110010
0111010
0100001
0101110
1101100
1000111
0001011
0101000
1111101
1010011
0110101
0010010
1100101
0010001
1011111
1001101
0001100
0111111
0101011
1111110
1001011
1000010
1100110
0010111
1000100
0111001
0111100
1101111
0001001
0101101
1011001
1101010
0011110
0011101
1010101
0110100
1110001
0001010
1111011
0000000
1001110
0000101
1001000
0000011
0001111
0000100
1001010
0111110
0000001
1100000
0111011
0010101
1100010
1110101
1000101
1101011
1100100
1001111
1010111
0011111
1011110
0101010
1000110
0011010
1101110
0010011
1010010
1100001
1011011
1000011
1101101
0100110
0110010
0001110
0010000
1011000
1010100
0001000
0001101
1001001
0011001
0000010
1101000
0011100
0110111
0100000
0111101
1111001
1110000
1111100
0111000
1010001
0000111
1110011
1001100
0100011
1111111
0101111
0101001
0100101
1110110
