10011010
10101111
10000110
11000011
11110111
01101110
01011111
00011010
01010000
01010010
11000100
00010000
11110110
11001100
11111000
01000011
00111100
11001000
00000110
11001110
10010101
11101100
11111001
10100111
10100001
01001111
00010101
10111010
10100000
01111100
01000101
10001010
11101001
11001101
00111110
11000111
00011100
00110001
00010110
10001111
01100101
11010000
11010011
11111011
00110100
00100110
00110011
10000000
00001001
11111101
11011010
00000010
10001001
01011110
11110001
01101010
10010001
10101000
11010101
01101000
01110101
11011100
11000001
00101100
10010100
00000001
11110100
11100011
01010111
10110101
11001011
00100000
00000111
11100101
01100111
00000100
10101101
10110110
00001011
10111111
01000000
10011101
01011101
01110011
10100010
01110110
00101001
11111110
10000101
11000010
00100011
11100110
00011111
10010111
01111111
11010110
01100001
11110101
11101111
10001100
11011111
00001101
11100000
00110111
10000011
00100101
00011001
10011000
10110000
10011011
10100100
10111100
01011011
01110000
01100100
11111100
01001010
10101011
10110011
00101010
01001100
01101011
00111011
00111101
11101010
01010001
00010011
00101111
00010001
01000110
10010010
01111010
10000111
01111001
10000001
11101011
01010011
01100010
00110010
01111110
00001000
01000111
11011001
11000000
00100111
10010011
11011011
00101011
10101110
01010100
00110101
11001010
00010010
01010101
00111000
11101000
01011000
10111001
00001110
00100001
01101101
11011000
11001111
01111101
10111011
01100000
10111000
10110111
10011110
11100001
11011110
00010111
00011110
01001001
00110000
11100111
11110010
01011001
00011101
11111111
01110001
10111110
00000101
11001001
10110100
01100110
01001000
10110010
10001011
01011100
11010100
00001010
00101101
11100010
10000100
01000100
10011100
01101111
11101101
11110000
01110111
01010110
01001110
01000001
10010110
00000000
00011011
00010100
11010010
01001101
01111000
00011000
10101010
01111011
01101001
10011111
00000011
11010001
11110011
10001101
00100100
10110001
11000110
10011001
11101110
10000010
10101001
01100011
00110110
00001111
11100100
10100101
01110010
10101100
11000101
01110100
00101110
11111010
00101000
01101100
10001000
10010000
00111010
00111001
10001110
10111101
11011101
11010111
01011010
00001100
00100010
01001011
01000010
10100110
10100011
00111111
