11000101
11111011
10011110
11111111
00111010
11001000
00101100
10111010
00100101
11010011
10101001
00111011
11100011
11000111
11011000
10001110
11111000
01111010
10110101
01001011
11011100
01101100
11101001
01010110
01110001
10010011
11001011
11010110
00100111
10101101
10010010
10100001
00011101
00010000
11100010
01000011
00000000
01001010
01100100
01011000
11011010
00000010
01001100
00110111
00011010
10100010
11000010
00100011
10000000
11000001
01010010
01110101
00110010
11110010
00111000
00011001
10110100
11111110
11010000
10101011
01111111
10000011
00100000
00101001
10101000
10011101
00010101
00110001
10110011
10010111
00011100
01101101
10001111
10101110
10001100
00101111
01010001
01011011
00110100
10010001
01000101
10011000
01001001
10111001
00111110
11110111
10110000
00000111
10111100
11110100
11110001
10010100
01010111
01110110
11100110
10100100
01010100
10000110
01100111
00010110
00000100
01000000
11010101
01100010
01100001
01110011
11011111
11001101
10011100
10001010
00010011
01101110
01111100
00011111
00001110
10001001
00111101
11101010
00100110
00000001
01110000
00001000
01101000
01000001
10000101
11100101
11101100
00001011
01000110
00101010
11000100
10010000
10110110
01110010
11001110
01000100
11011001
01011110
10011011
01111001
01111000
11111010
10100111
00110110
00100100
00001101
10110010
10111111
01011101
10000100
00010111
10011001
11000011
00110101
01001111
00001001
11110110
01011100
10000111
01111110
01101011
11010100
10000010
10110001
10101100
00001111
01001110
00101000
01101001
10001011
01011010
10011010
11010001
11111101
01000111
11011011
10001000
01111011
00100010
00000101
01100101
11101111
01001000
01010101
00011000
10000001
00101110
11100000
11111100
01101111
01110111
11101101
11001111
10010110
11111001
00001100
11110000
01110100
10111000
10111110
00010010
11110101
00010001
10110111
11001010
11010111
00000011
01010000
11011110
00011011
01100000
00001010
10001101
11000000
00111001
01100110
01101010
11100100
11100111
00101101
10111011
10101111
00110000
11100001
00111100
11101011
00000110
01000010
11001001
00101011
10111101
00011110
11101000
00111111
01010011
11101110
00100001
00110011
01111101
11001100
01100011
10011111
10100101
10100000
10101010
01001101
11011101
01011111
00010100
10100110
01011001
10010101
11000110
11110011
10100011
11010010
