000001010
000001011
000001000
000001110
000000010
000011010
000101010
001001010
010001010
100001010
000011101
000011100
000011111
000011001
000010101
000001101
000111101
001011101
010011101
100011101
000110000
000110001
000110010
000110100
000111000
000100000
000010000
001110000
010110000
100110000
001000111
001000110
001000101
001000011
001001111
001010111
001100111
000000111
011000111
101000111
001111110
001111111
001111100
001111010
001110110
001101110
001011110
000111110
011111110
101111110
010010110
010010111
010010100
010010010
010011110
010000110
010110110
011010110
000010110
110010110
010101111
010101110
010101101
010101011
010100111
010111111
010001111
011101111
000101111
110101111
011001001
011001000
011001011
011001101
011000001
011011001
011101001
010001001
001001001
111001001
011100100
011100101
011100110
011100000
011101100
011110100
011000100
010100100
001100100
111100100
011110011
011110010
011110001
011110111
011111011
011100011
011010011
010110011
001110011
111110011
100010011
100010010
100010001
100010111
100011011
100000011
100110011
101010011
110010011
000010011
100100110
100100111
100100100
100100010
100101110
100110110
100000110
101100110
110100110
000100110
100101001
100101000
100101011
100101101
100100001
100111001
100001001
101101001
110101001
000101001
101001100
101001101
101001110
101001000
101000100
101011100
101101100
100001100
111001100
001001100
101110101
101110100
101110111
101110001
101111101
101100101
101010101
100110101
111110101
001110101
110000101
110000100
110000111
110000001
110001101
110010101
110100101
111000101
100000101
010000101
110111100
110111101
110111110
110111000
110110100
110101100
110011100
111111100
100111100
010111100
111010000
111010001
111010010
111010100
111011000
111000000
111110000
110010000
101010000
011010000
111011111
111011110
111011101
111011011
111010111
111001111
111111111
110011111
101011111
011011111
111101010
111101011
111101000
111101110
111100010
111111010
111001010
110101010
101101010
011101010
000000001
000000100
000100011
000100101
000101100
000110111
000111011
001000000
001010001
001010010
001010100
001011000
001011011
001100001
001100010
001101000
001101011
001101101
001111001
010000000
010000011
010001100
010010001
010011000
010011011
010100001
010100010
010101000
010110101
010111001
010111010
011000010
011001110
011010101
011011010
011011100
011111000
011111101
100000000
100001111
100010100
100011000
100011110
100111010
100111111
101000001
101000010
101001011
101010110
101011001
101011010
101100000
101100011
101101111
101110010
101111000
101111011
110000010
110001000
110001011
110001110
110011001
110011010
110100000
110100011
110110001
110110010
110110111
110111011
111000011
111000110
111100001
111100111
111101101
111110110
111111001
000000000
000000011
000000101
000000110
000001001
000001100
000001111
000010001
000010010
000010100
000010111
000011000
000011011
000011110
000100001
000100010
000100100
000100111
000101000
000101011
000101101
000101110
000110011
000110101
000110110
000111001
000111010
000111100
000111111
001000001
001000010
001000100
001001000
001001011
001001101
001001110
001010000
001010011
001010101
001010110
001011001
001011010
001011100
001011111
001100000
001100011
001100101
001100110
001101001
001101010
001101100
001101111
001110001
001110010
001110100
001110111
001111000
001111011
001111101
010000001
010000010
010000100
010000111
010001000
010001011
010001101
010001110
010010000
010010011
010010101
010011001
010011010
010011100
010011111
010100000
010100011
010100101
010100110
010101001
010101010
010101100
010110001
010110010
010110100
010110111
010111000
010111011
010111101
010111110
011000000
011000011
011000101
011000110
011001010
011001100
011001111
011010001
011010010
011010100
011010111
011011000
011011011
011011101
011011110
011100001
011100010
011100111
011101000
011101011
011101101
011101110
011110000
011110101
011110110
011111001
011111010
011111100
011111111
100000001
100000010
100000100
100000111
100001000
100001011
100001101
100001110
100010000
100010101
100010110
100011001
100011010
100011100
100011111
100100000
100100011
100100101
100101010
100101100
100101111
100110001
100110010
100110100
100110111
100111000
100111011
100111101
100111110
101000000
101000011
101000101
101000110
101001001
101001010
101001111
101010001
101010010
101010100
101010111
101011000
101011011
101011101
101011110
101100001
101100010
101100100
101100111
101101000
101101011
101101101
101101110
101110000
101110011
101110110
101111001
101111010
101111100
101111111
110000000
110000011
110000110
110001001
110001010
110001100
110001111
110010001
110010010
110010100
110010111
110011000
110011011
110011101
110011110
110100001
110100010
110100100
110100111
110101000
110101011
110101101
110101110
110110000
110110011
110110101
110110110
110111001
110111010
110111111
111000001
111000010
111000100
111000111
111001000
111001011
111001101
111001110
111010011
111010101
111010110
111011001
111011010
111011100
111100000
111100011
111100101
111100110
111101001
111101100
111101111
111110001
111110010
111110100
111110111
111111000
111111011
111111101
111111110
