1100001
1110110
0111000
1011101
1001011
0010011
0110110
1101100
0101111
1111001
0001000
1010000
0101010
0000001
1111111
0001011
1001010
0110010
1010010
1000011
1010111
0011111
0110100
0011010
1101101
0111101
0100101
1110000
0000111
0110111
0000100
1000000
0010101
1010001
1001111
0000010
0011001
0011100
0100110
0100011
1110101
0110001
1100111
1101000
1110011
0001101
0111011
1001001
0101100
1010100
0101001
1001100
0001110
0100000
0010110
0111110
1011011
1000110
0000110
1111100
0001100
1101011
1101110
0000011
1000101
1001101
1111010
1110111
1100010
0101101
0010000
1011110
1001110
0011101
1011000
0001010
0010100
0100010
0000000
0010010
1100100
1110010
1011010
1000001
0101011
1110001
1111000
1111011
1101111
0110011
0000101
0111010
0001111
1111110
0111100
0110101
1011111
0011000
0101000
0011011
0111111
1010110
0100111
0110000
1011100
1010101
1011001
1000100
0010111
1100000
1101010
0011110
0001001
0100001
0100100
1010011
1000010
1100101
0010001
1101001
1100011
1100110
0101110
1111101
1110100
0111001
1000111
1001000
