1 T_k= 1 D_B= 0 k^2-k= 0 #max= 1 [(1,)]
2 T_k= 3 D_B= 2 k^2-k= 2 #max= 1 [(1, 1, 1)]
3 T_k= 6 D_B= 6 k^2-k= 6 #max= 1 [(2, 2, 1, 1)]
4 T_k= 10 D_B= 12 k^2-k= 12 #max= 3 [(3, 3, 2, 1, 1), (3, 2, 2, 2, 1), (3, 2, 2, 1, 1, 1)]
5 T_k= 15 D_B= 20 k^2-k= 20 #max= 16 [(4, 4, 3, 2, 1, 1), (4, 4, 2, 2, 2, 1), (4, 4, 2, 2, 1, 1, 1), (4, 3, 3, 3, 1, 1), (4, 3, 3, 2, 2, 1), (4, 3, 3, 2, 1, 1, 1)]
6 T_k= 21 D_B= 30 k^2-k= 30 #max= 65 [(5, 5, 4, 3, 2, 1, 1), (5, 5, 4, 2, 2, 2, 1), (5, 5, 4, 2, 2, 1, 1, 1), (5, 5, 3, 3, 3, 1, 1), (5, 5, 3, 3, 2, 2, 1), (5, 5, 3, 3, 2, 1, 1, 1)]
7 T_k= 28 D_B= 42 k^2-k= 42 #max= 293 [(6, 6, 5, 4, 3, 2, 1, 1), (6, 6, 5, 4, 2, 2, 2, 1), (6, 6, 5, 4, 2, 2, 1, 1, 1), (6, 6, 5, 3, 3, 3, 1, 1), (6, 6, 5, 3, 3, 2, 2, 1), (6, 6, 5, 3, 3, 2, 1, 1, 1)]
8 T_k= 36 D_B= 56 k^2-k= 56 #max= 1267 [(7, 7, 6, 5, 4, 3, 2, 1, 1), (7, 7, 6, 5, 4, 2, 2, 2, 1), (7, 7, 6, 5, 4, 2, 2, 1, 1, 1), (7, 7, 6, 5, 3, 3, 3, 1, 1), (7, 7, 6, 5, 3, 3, 2, 2, 1), (7, 7, 6, 5, 3, 3, 2, 1, 1, 1)]
real 0.64
user 0.63
sys 0.00
