100000000
100010000
000010000
110010000
101010000
100110000
100011000
100010100
100010010
100010001
010000000
001000000
001000010
101000010
011000010
000000010
001100010
001010010
001001010
001000110
001000011
111000000
000100000
110100000
110100100
010100100
100100100
111100100
110000100
110110100
110101100
110100110
110100101
101100000
101101000
001101000
111101000
100101000
101001000
101111000
101101100
101101010
101101001
011100000
011100001
111100001
001100001
010100001
011000001
011110001
011101001
011100101
011100011
011010000
011011000
111011000
001011000
010011000
011111000
011001000
011011100
011011010
011011001
010110000
001110000
001110100
101110100
011110100
000110100
001010100
001100100
001111100
001110110
001110101
111110000
111110010
011110010
101110010
110110010
111010010
111100010
111111010
111110110
111110011
000001000
000001100
100001100
010001100
001001100
000101100
000011100
000000100
000001110
000001101
110001000
110001001
010001001
100001001
111001001
110101001
110011001
110000001
110001101
110001011
010101000
010101010
110101010
000101010
011101010
010001010
010111010
010100010
010101110
010101011
000111000
000111001
100111001
010111001
001111001
000011001
000101001
000110001
000111101
000111011
110111000
101000100
101000101
001000101
111000101
100000101
101100101
101010101
101001101
101000001
101000111
011000100
010010100
010010101
110010101
000010101
011010101
010110101
010000101
010011101
010010001
010010111
111010100
111001100
111001110
011001110
101001110
110001110
111101110
111011110
111000110
111001010
111001111
011101100
110011100
101011100
100111100
100111110
000111110
110111110
101111110
100011110
100101110
100110110
100111010
100111111
010111100
111111100
111111101
011111101
101111101
110111101
111011101
111101101
111110101
111111001
111111111
110000010
100100010
100100011
000100011
110100011
101100011
100000011
100110011
100101011
100100111
100100001
010010010
000110010
100001010
000011010
110011010
101011010
101011011
001011011
111011011
100011011
101111011
101001011
101010011
101011111
101011001
001111010
100000110
010000110
000100110
101100110
011100110
000010110
110010110
101010110
011010110
010110110
001101110
001101111
101101111
011101111
000101111
001001111
001111111
001100111
001101011
001101101
010011110
001011110
011111110
000000001
001010001
111010001
110110001
101110001
001001001
000100101
100110101
011001101
100101101
010101101
100011101
001011101
010000011
111000011
000010011
110010011
011010011
010110011
001110011
000001011
011001011
111101011
010011011
110111011
011111011
000000111
110000111
011000111
010100111
111100111
100010111
001010111
111010111
000110111
110110111
101110111
011110111
100001111
010001111
110101111
000011111
110011111
011011111
010111111
000000000
110000000
101000000
011000000
100100000
010100000
001100000
111100000
010010000
001010000
111010000
000110000
110110000
101110000
011110000
100001000
010001000
001001000
111001000
000101000
110101000
011101000
000011000
110011000
101011000
100111000
010111000
001111000
111111000
100000100
010000100
001000100
111000100
000100100
101100100
011100100
000010100
110010100
101010100
011010100
100110100
010110100
111110100
110001100
101001100
011001100
100101100
010101100
001101100
111101100
100011100
010011100
001011100
111011100
000111100
110111100
101111100
011111100
100000010
010000010
111000010
000100010
110100010
101100010
011100010
000010010
110010010
101010010
011010010
100110010
010110010
001110010
000001010
110001010
101001010
011001010
100101010
001101010
111101010
100011010
010011010
001011010
111011010
000111010
110111010
101111010
011111010
000000110
110000110
101000110
011000110
100100110
010100110
001100110
111100110
100010110
010010110
001010110
111010110
000110110
110110110
101110110
011110110
100001110
010001110
001001110
000101110
110101110
101101110
011101110
000011110
110011110
101011110
011011110
010111110
001111110
111111110
100000001
010000001
001000001
111000001
000100001
110100001
101100001
000010001
110010001
101010001
011010001
100110001
010110001
001110001
111110001
000001001
101001001
011001001
100101001
010101001
001101001
111101001
100011001
010011001
001011001
111011001
110111001
101111001
011111001
000000101
110000101
011000101
100100101
010100101
001100101
111100101
100010101
001010101
111010101
000110101
110110101
101110101
011110101
100001101
010001101
001001101
111001101
000101101
110101101
101101101
011101101
000011101
110011101
101011101
011011101
100111101
010111101
001111101
000000011
110000011
101000011
011000011
010100011
001100011
111100011
100010011
010010011
001010011
111010011
000110011
110110011
101110011
011110011
100001011
010001011
001001011
111001011
000101011
110101011
101101011
011101011
000011011
110011011
011011011
100111011
010111011
001111011
111111011
100000111
010000111
001000111
111000111
000100111
110100111
101100111
011100111
000010111
110010111
101010111
011010111
100110111
010110111
001110111
111110111
000001111
110001111
101001111
011001111
100101111
010101111
111101111
100011111
010011111
001011111
111011111
000111111
110111111
101111111
011111111
