000000000
110000000
101000000
011000000
100100000
010100000
001100000
111100000
010010000
001010000
111010000
000110000
110110000
101110000
011110000
100001000
010001000
001001000
111001000
000101000
110101000
011101000
000011000
110011000
101011000
100111000
010111000
001111000
111111000
100000100
010000100
001000100
111000100
000100100
101100100
011100100
000010100
110010100
101010100
011010100
100110100
010110100
111110100
110001100
101001100
011001100
100101100
010101100
001101100
111101100
100011100
010011100
001011100
111011100
000111100
110111100
101111100
011111100
100000010
010000010
111000010
000100010
110100010
101100010
011100010
000010010
110010010
101010010
011010010
100110010
010110010
001110010
000001010
110001010
101001010
011001010
100101010
001101010
111101010
100011010
010011010
001011010
111011010
000111010
110111010
101111010
011111010
000000110
110000110
101000110
011000110
100100110
010100110
001100110
111100110
100010110
010010110
001010110
111010110
000110110
110110110
101110110
011110110
100001110
010001110
001001110
000101110
110101110
101101110
011101110
000011110
110011110
101011110
011011110
010111110
001111110
111111110
100000001
010000001
001000001
111000001
000100001
110100001
101100001
000010001
110010001
101010001
011010001
100110001
010110001
001110001
111110001
000001001
101001001
011001001
100101001
010101001
001101001
111101001
100011001
010011001
001011001
111011001
110111001
101111001
011111001
000000101
110000101
011000101
100100101
010100101
001100101
111100101
100010101
001010101
111010101
000110101
110110101
101110101
011110101
100001101
010001101
001001101
111001101
000101101
110101101
101101101
011101101
000011101
110011101
101011101
011011101
100111101
010111101
001111101
000000011
110000011
101000011
011000011
010100011
001100011
111100011
100010011
010010011
001010011
111010011
000110011
110110011
101110011
011110011
100001011
010001011
001001011
111001011
000101011
110101011
101101011
011101011
000011011
110011011
011011011
100111011
010111011
001111011
111111011
100000111
010000111
001000111
111000111
000100111
110100111
101100111
011100111
000010111
110010111
101010111
011010111
100110111
010110111
001110111
111110111
000001111
110001111
101001111
011001111
100101111
010101111
111101111
100011111
010011111
001011111
111011111
000111111
110111111
101111111
011111111
