1 1 0 0 OK
2 2 0 0 OK
3 2 2 2 OK
4 3 2 2 OK
5 3 3 3 OK
6 3 6 6 OK
7 4 4 4 OK
8 4 5 5 OK
9 4 7 7 OK
10 4 12 12 OK
11 5 8 8 OK
12 5 8 8 OK
13 5 9 9 OK
14 5 14 14 OK
15 5 20 20 OK
16 6 15 15 OK
17 6 12 12 OK
18 6 13 13 OK
19 6 16 16 OK
20 6 23 23 OK
21 6 30 30 OK
22 7 24 24 OK
23 7 18 18 OK
24 7 18 18 OK
25 7 19 19 OK
26 7 26 26 OK
27 7 34 34 OK
28 7 42 42 OK
29 8 35 35 OK
30 8 28 28 OK
31 8 24 24 OK
32 8 25 25 OK
33 8 29 29 OK
34 8 38 38 OK
35 8 47 47 OK
36 8 56 56 OK
37 9 48 48 OK
38 9 40 40 OK
39 9 32 32 OK
40 9 32 32 OK
41 9 33 33 OK
42 9 42 42 OK
43 9 52 52 OK
44 9 62 62 OK
45 9 72 72 OK
46 10 63 63 OK
47 10 54 54 OK
48 10 45 45 OK
49 10 40 40 OK
50 10 41 41 OK
51 10 46 46 OK
52 10 57 57 OK
53 10 68 68 OK
54 10 79 79 OK
55 10 90 90 OK
56 11 80 80 OK
57 11 70 70 OK
58 11 60 60 OK
59 11 50 50 OK
60 11 50 50 OK
mismatches: 0
real 103.82
user 72.44
sys 7.03
