000000000
000000010
000000011
000000110
000001010
000010010
000100010
001000010
010000010
100000010
000000101
010000101
010000100
010000111
010000001
010001101
010010101
010100101
011000101
110000101
000001001
001001001
001001000
001001011
001001101
001000001
001011001
001101001
011001001
101001001
000001100
100001100
100001101
100001110
100001000
100000100
100011100
100101100
101001100
110001100
000001111
000010001
000010100
000010111
001010111
001010110
001010101
001010011
001011111
001000111
001110111
011010111
101010111
000011000
010011000
010011001
010011010
010011100
010010000
010001000
010111000
011011000
110011000
000011011
000011101
000111101
000111100
000111111
000111001
000110101
000101101
001111101
010111101
100111101
000011110
000100001
000100100
001100100
001100101
001100110
001100000
001101100
001110100
001000100
011100100
101100100
000100111
000101000
000101011
010101011
010101010
010101001
010101111
010100011
010111011
010001011
011101011
110101011
000101110
000110000
000110011
100110011
100110010
100110001
100110111
100111011
100100011
100010011
101110011
110110011
000110110
010110110
010110111
010110100
010110010
010111110
010100110
010010110
011110110
110110110
000111010
001111010
001111011
001111000
001111110
001110010
001101010
001011010
011111010
101111010
001001110
011001110
011001111
011001100
011001010
011000110
011011110
011101110
010001110
111001110
001010000
101010000
101010001
101010010
101010100
101011000
101000000
101110000
100010000
111010000
001011100
001100011
001101111
101101111
101101110
101101101
101101011
101100111
101111111
101001111
100101111
111101111
001110001
011110001
011110000
011110011
011110101
011111001
011100001
011010001
010110001
111110001
010010011
010011111
110011111
110011110
110011101
110011011
110010111
110001111
110111111
111011111
100011111
010100000
110100000
110100001
110100010
110100100
110101000
110110000
110000000
111100000
100100000
010101100
011000000
011000011
111000011
111000010
111000001
111000111
111001011
111010011
111100011
110000011
101000011
011010010
011010100
011011011
011011101
011100010
011100111
011101000
011101101
011111100
111111100
111111101
111111110
111111000
111110100
111101100
111011100
110111100
101111100
011111111
100000001
100000111
100001011
100010101
100010110
100011001
100011010
100100101
100100110
100101001
100101010
100110100
100111000
100111110
101000101
101000110
101001010
101011011
101011101
101011110
101100001
101100010
101101000
101110101
101110110
101111001
110000110
110001001
110001010
110010001
110010010
110010100
110100111
110101101
110101110
110110101
110111001
110111010
111000100
111001000
111001101
111010101
111010110
111011001
111011010
111100101
111100110
111101001
111101010
111110010
111110111
111111011
000000001
000000100
000000111
000001000
000001011
000001101
000001110
000010000
000010011
000010101
000010110
000011001
000011010
000011100
000011111
000100000
000100011
000100101
000100110
000101001
000101010
000101100
000101111
000110001
000110010
000110100
000110111
000111000
000111011
000111110
001000000
001000011
001000101
001000110
001001010
001001100
001001111
001010001
001010010
001010100
001011000
001011011
001011101
001011110
001100001
001100010
001100111
001101000
001101011
001101101
001101110
001110000
001110011
001110101
001110110
001111001
001111100
001111111
010000000
010000011
010000110
010001001
010001010
010001100
010001111
010010001
010010010
010010100
010010111
010011011
010011101
010011110
010100001
010100010
010100100
010100111
010101000
010101101
010101110
010110000
010110011
010110101
010111001
010111010
010111100
010111111
011000001
011000010
011000100
011000111
011001000
011001011
011001101
011010000
011010011
011010101
011010110
011011001
011011010
011011100
011011111
011100000
011100011
011100101
011100110
011101001
011101010
011101100
011101111
011110010
011110100
011110111
011111000
011111011
011111101
011111110
100000000
100000011
100000101
100000110
100001001
100001010
100001111
100010001
100010010
100010100
100010111
100011000
100011011
100011101
100011110
100100001
100100010
100100100
100100111
100101000
100101011
100101101
100101110
100110000
100110101
100110110
100111001
100111010
100111100
100111111
101000001
101000010
101000100
101000111
101001000
101001011
101001101
101001110
101010011
101010101
101010110
101011001
101011010
101011100
101011111
101100000
101100011
101100101
101100110
101101001
101101010
101101100
101110001
101110010
101110100
101110111
101111000
101111011
101111101
101111110
110000001
110000010
110000100
110000111
110001000
110001011
110001101
110001110
110010000
110010011
110010101
110010110
110011001
110011010
110011100
110100011
110100101
110100110
110101001
110101010
110101100
110101111
110110001
110110010
110110100
110110111
110111000
110111011
110111101
110111110
111000000
111000101
111000110
111001001
111001010
111001100
111001111
111010001
111010010
111010100
111010111
111011000
111011011
111011101
111011110
111100001
111100010
111100100
111100111
111101000
111101011
111101101
111101110
111110000
111110011
111110101
111110110
111111001
111111010
111111111
