000000001
000100001
000100000
000100011
000100101
000101001
000110001
001100001
010100001
100100001
000000010
001000010
001000011
001000000
001000110
001001010
001010010
001100010
011000010
101000010
000000100
100000100
100000101
100000110
100000000
100001100
100010100
100100100
101000100
110000100
000000111
000001000
010001000
010001001
010001010
010001100
010000000
010011000
010101000
011001000
110001000
000001011
100001011
100001010
100001001
100001111
100000011
100011011
100101011
101001011
110001011
000001101
000001110
000011110
000011111
000011100
000011010
000010110
000111110
001011110
010011110
100011110
000010000
000010011
010010011
010010010
010010001
010010111
010011011
010000011
010110011
011010011
110010011
000010101
000011001
000100110
000101010
000101100
000101111
010101111
010101110
010101101
010101011
010100111
010111111
010001111
011101111
110101111
000110010
000110100
010110100
010110101
010110110
010110000
010111100
010100100
010010100
011110100
110110100
000110111
100110111
100110110
100110101
100110011
100111111
100100111
100010111
101110111
110110111
000111000
100111000
100111001
100111010
100111100
100110000
100101000
100011000
101111000
110111000
000111011
000111101
001111101
001111100
001111111
001111001
001110101
001101101
001011101
011111101
101111101
001000101
011000101
011000100
011000111
011000001
011001101
011010101
011100101
010000101
111000101
001001001
001001100
001001111
001010001
101010001
101010000
101010011
101010101
101011001
101000001
101110001
100010001
111010001
001010100
001010111
001011000
001011011
001100100
001100111
001101000
001101011
001101110
101101110
101101111
101101100
101101010
101100110
101111110
101001110
100101110
111101110
001110000
001110011
001110110
001111010
011111010
011111011
011111000
011111110
011110010
011101010
011011010
010111010
111111010
010000110
010011101
110011101
110011100
110011111
110011001
110010101
110001101
110111101
111011101
100011101
010100010
110100010
110100011
110100000
110100110
110101010
110110010
110000010
111100010
100100010
010111001
011001011
011001110
011010000
011010110
111010110
111010111
111010100
111010010
111011110
111000110
111110110
110010110
101010110
011011001
011011100
011011111
011100000
011100011
011100110
011101001
111101001
111101000
111101011
111101101
111100001
111111001
111001001
110101001
101101001
011101100
011110001
011110111
100010010
100101101
101000111
101001000
101001101
101011010
101011100
101011111
101100000
101100011
101100101
101110010
101110100
101111011
110000001
110000111
110001110
110010000
110011010
110100101
110101100
110110001
110111011
110111110
111000000
111000011
111001010
111001100
111001111
111011000
111011011
111100100
111100111
111110000
111110011
111110101
111111100
111111111
000000000
000000011
000000101
000000110
000001001
000001010
000001100
000001111
000010001
000010010
000010100
000010111
000011000
000011011
000011101
000100010
000100100
000100111
000101000
000101011
000101101
000101110
000110000
000110011
000110101
000110110
000111001
000111010
000111100
000111111
001000001
001000100
001000111
001001000
001001011
001001101
001001110
001010000
001010011
001010101
001010110
001011001
001011010
001011100
001011111
001100000
001100011
001100101
001100110
001101001
001101010
001101100
001101111
001110001
001110010
001110100
001110111
001111000
001111011
001111110
010000001
010000010
010000100
010000111
010001011
010001101
010001110
010010000
010010101
010010110
010011001
010011010
010011100
010011111
010100000
010100011
010100101
010100110
010101001
010101010
010101100
010110001
010110010
010110111
010111000
010111011
010111101
010111110
011000000
011000011
011000110
011001001
011001010
011001100
011001111
011010001
011010010
011010100
011010111
011011000
011011011
011011101
011011110
011100001
011100010
011100100
011100111
011101000
011101011
011101101
011101110
011110000
011110011
011110101
011110110
011111001
011111100
011111111
100000001
100000010
100000111
100001000
100001101
100001110
100010000
100010011
100010101
100010110
100011001
100011010
100011100
100011111
100100000
100100011
100100101
100100110
100101001
100101010
100101100
100101111
100110001
100110010
100110100
100111011
100111101
100111110
101000000
101000011
101000101
101000110
101001001
101001010
101001100
101001111
101010010
101010100
101010111
101011000
101011011
101011101
101011110
101100001
101100010
101100100
101100111
101101000
101101011
101101101
101110000
101110011
101110101
101110110
101111001
101111010
101111100
101111111
110000000
110000011
110000101
110000110
110001001
110001010
110001100
110001111
110010001
110010010
110010100
110010111
110011000
110011011
110011110
110100001
110100100
110100111
110101000
110101011
110101101
110101110
110110000
110110011
110110101
110110110
110111001
110111010
110111100
110111111
111000001
111000010
111000100
111000111
111001000
111001011
111001101
111001110
111010000
111010011
111010101
111011001
111011010
111011100
111011111
111100000
111100011
111100101
111100110
111101010
111101100
111101111
111110001
111110010
111110100
111110111
111111000
111111011
111111101
111111110
