000000000
000000010
000000011
000000101
000000110
000001001
000001010
000001100
000001111
000010001
000010010
000010100
000010111
000011000
000011011
000011101
000011110
000100001
000100010
000100100
000100111
000101000
000101011
000101101
000101110
000110000
000110011
000110101
000110110
000111001
000111010
000111100
000111101
000111111
001000001
001000010
001000100
001000111
001001000
001001001
001001011
001001101
001001110
001010000
001010011
001010101
001010110
001010111
001011001
001011010
001011100
001011111
001100000
001100011
001100100
001100101
001100110
001101001
001101010
001101100
001101111
001110001
001110010
001110100
001110111
001111000
001111010
001111011
001111101
001111110
010000001
010000010
010000100
010000101
010000111
010001000
010001011
010001101
010001110
010010000
010010011
010010101
010010110
010011000
010011001
010011010
010011100
010011111
010100000
010100011
010100101
010100110
010101001
010101010
010101011
010101100
010101111
010110001
010110010
010110100
010110110
010110111
010111000
010111011
010111101
010111110
011000000
011000011
011000101
011000110
011001001
011001010
011001100
011001110
011001111
011010001
011010010
011010100
011010111
011011000
011011011
011011101
011011110
011100001
011100010
011100100
011100111
011101000
011101011
011101101
011101110
011110000
011110001
011110011
011110101
011110110
011111001
011111010
011111100
011111111
100000001
100000010
100000100
100000111
100001000
100001011
100001100
100001101
100001110
100010000
100010011
100010101
100010110
100011001
100011010
100011100
100011111
100100000
100100011
100100101
100100110
100101001
100101010
100101100
100101111
100110001
100110010
100110011
100110100
100110111
100111000
100111011
100111101
100111110
101000000
101000011
101000101
101000110
101001001
101001010
101001100
101001111
101010000
101010001
101010010
101010100
101010111
101011000
101011011
101011101
101011110
101100001
101100010
101100100
101100111
101101000
101101011
101101101
101101110
101101111
101110000
101110011
101110101
101110110
101111001
101111010
101111100
101111111
110000000
110000011
110000101
110000110
110001001
110001010
110001100
110001111
110010001
110010010
110010100
110010111
110011000
110011011
110011101
110011110
110011111
110100000
110100001
110100010
110100100
110100111
110101000
110101011
110101101
110101110
110110000
110110011
110110101
110110110
110111001
110111010
110111100
110111111
111000001
111000010
111000011
111000100
111000111
111001000
111001011
111001101
111001110
111010000
111010011
111010101
111010110
111011001
111011010
111011100
111011111
111100000
111100011
111100101
111100110
111101001
111101010
111101100
111101111
111110001
111110010
111110100
111110111
111111000
111111011
111111100
111111101
111111110
