000000001
000000010
000000100
000000111
000001000
000001011
000001101
000001110
000010000
000010011
000010101
000010110
000011001
000011010
000011100
000011110
000011111
000100000
000100001
000100011
000100101
000100110
000101001
000101010
000101100
000101111
000110001
000110010
000110100
000110111
000111000
000111011
000111101
000111110
001000000
001000010
001000011
001000101
001000110
001001001
001001010
001001100
001001111
001010001
001010010
001010100
001010111
001011000
001011011
001011101
001011110
001100001
001100010
001100100
001100111
001101000
001101011
001101101
001101110
001110000
001110011
001110101
001110110
001111001
001111010
001111100
001111101
001111111
010000000
010000011
010000101
010000110
010001000
010001001
010001010
010001100
010001111
010010001
010010010
010010011
010010100
010010111
010011000
010011011
010011101
010011110
010100001
010100010
010100100
010100111
010101000
010101011
010101101
010101110
010101111
010110000
010110011
010110100
010110101
010110110
010111001
010111010
010111100
010111111
011000001
011000010
011000100
011000101
011000111
011001000
011001011
011001101
011001110
011010000
011010011
011010101
011010110
011011001
011011010
011011100
011011111
011100000
011100011
011100101
011100110
011101001
011101010
011101100
011101111
011110001
011110010
011110100
011110111
011111000
011111010
011111011
011111101
011111110
100000000
100000011
100000100
100000101
100000110
100001001
100001010
100001011
100001100
100001111
100010001
100010010
100010100
100010111
100011000
100011011
100011101
100011110
100100001
100100010
100100100
100100111
100101000
100101011
100101101
100101110
100110000
100110011
100110101
100110110
100110111
100111000
100111001
100111010
100111100
100111111
101000001
101000010
101000100
101000111
101001000
101001011
101001101
101001110
101010000
101010001
101010011
101010101
101010110
101011001
101011010
101011100
101011111
101100000
101100011
101100101
101100110
101101001
101101010
101101100
101101110
101101111
101110001
101110010
101110100
101110111
101111000
101111011
101111101
101111110
110000001
110000010
110000100
110000111
110001000
110001011
110001101
110001110
110010000
110010011
110010101
110010110
110011001
110011010
110011100
110011101
110011111
110100000
110100010
110100011
110100101
110100110
110101001
110101010
110101100
110101111
110110001
110110010
110110100
110110111
110111000
110111011
110111101
110111110
111000000
111000011
111000101
111000110
111001001
111001010
111001100
111001111
111010001
111010010
111010100
111010110
111010111
111011000
111011011
111011101
111011110
111100001
111100010
111100100
111100111
111101000
111101001
111101011
111101101
111101110
111110000
111110011
111110101
111110110
111111001
111111010
111111100
111111111
