0100010
0111100
1010001
1111100
1000100
0111110
0011111
0001110
0010111
1100010
1011010
1000000
1110001
0010110
0001101
1101111
1011101
1110101
0010011
0011100
1000101
1111010
0001001
0100000
0101001
1110110
1111111
0000100
0110001
1001001
0110100
0101100
1101101
0100110
1001100
0111011
1010100
1101011
1011000
0011010
1100001
1001010
1111001
1001111
0001000
0101010
1110000
1011110
0111000
0000111
0010101
0110111
1110011
0001100
0000010
0110010
0101111
1100100
1101000
0001011
0000001
1000011
1100111
1010010
1011011
1010111
1000001
0111010
0011001
0010000
1101110
1000110
1011100
1011001
0100101
0111101
1001101
0000000
0101000
0110110
1101100
0011110
1011111
0100011
1111000
0101011
1100011
0110000
1111101
1111110
0110011
1110111
0101110
0011011
0011101
1000010
0010001
1110100
1010011
0000101
0111001
1110010
0100111
1111011
1101010
0000110
0110101
0000011
1001011
0111111
0010010
0100001
0101101
1010000
0001111
1100110
1100000
0011000
1100101
1001110
0100100
1010110
1010101
0001010
1001000
1101001
0010100
1000111
