0001010
0001011
0001000
0001110
0000010
0011010
0101010
1001010
0011101
0011100
0011111
0011001
0010101
0001101
0111101
1011101
0100001
0100000
0100011
0100101
0101001
0110001
0000001
1100001
0110110
0110111
0110100
0110010
0111110
0100110
0010110
1110110
1000111
1000110
1000101
1000011
1001111
1010111
1100111
0000111
1010000
1010001
1010010
1010100
1011000
1000000
1110000
0010000
1101100
1101101
1101110
1101000
1100100
1111100
1001100
0101100
1111011
1111010
1111001
1111111
1110011
1101011
1011011
0111011
0000100
0010011
0101111
0111000
1001001
1011110
1100010
1110101
0000000
0000011
0000101
0000110
0001001
0001100
0001111
0010001
0010010
0010100
0010111
0011000
0011011
0011110
0100010
0100100
0100111
0101000
0101011
0101101
0101110
0110000
0110011
0110101
0111001
0111010
0111100
0111111
1000001
1000010
1000100
1001000
1001011
1001101
1001110
1010011
1010101
1010110
1011001
1011010
1011100
1011111
1100000
1100011
1100101
1100110
1101001
1101010
1101111
1110001
1110010
1110100
1110111
1111000
1111101
1111110
