00001111
00001110
00001101
00001011
00000111
00011111
00101111
01001111
10001111
00011000
00011001
00011010
00011100
00010000
00001000
00111000
01011000
10011000
00100100
00100101
00100110
00100000
00101100
00110100
00000100
01100100
10100100
00110011
00110010
00110001
00110111
00111011
00100011
00010011
01110011
10110011
01000001
01000000
01000011
01000101
01001001
01010001
01100001
00000001
11000001
01010110
01010111
01010100
01010010
01011110
01000110
01110110
00010110
11010110
01101010
01101011
01101000
01101110
01100010
01111010
01001010
00101010
11101010
01111101
01111100
01111111
01111001
01110101
01101101
01011101
00111101
11111101
10000010
10000011
10000000
10000110
10001010
10010010
10100010
11000010
00000010
10010101
10010100
10010111
10010001
10011101
10000101
10110101
11010101
00010101
10101001
10101000
10101011
10101101
10100001
10111001
10001001
11101001
00101001
10111110
10111111
10111100
10111010
10110110
10101110
10011110
11111110
00111110
11001100
11001101
11001110
11001000
11000100
11011100
11101100
10001100
01001100
11011011
11011010
11011001
11011111
11010011
11001011
11111011
10011011
01011011
11100111
11100110
11100101
11100011
11101111
11110111
11000111
10100111
01100111
11110000
11110001
11110010
11110100
11111000
11100000
11010000
10110000
01110000
00000000
00000011
00000101
00000110
00001001
00001010
00001100
00010001
00010010
00010100
00010111
00011011
00011101
00011110
00100001
00100010
00100111
00101000
00101011
00101101
00101110
00110000
00110101
00110110
00111001
00111010
00111100
00111111
01000010
01000100
01000111
01001000
01001011
01001101
01001110
01010000
01010011
01010101
01011001
01011010
01011100
01011111
01100000
01100011
01100101
01100110
01101001
01101100
01101111
01110001
01110010
01110100
01110111
01111000
01111011
01111110
10000001
10000100
10000111
10001000
10001011
10001101
10001110
10010000
10010011
10010110
10011001
10011010
10011100
10011111
10100000
10100011
10100101
10100110
10101010
10101100
10101111
10110001
10110010
10110100
10110111
10111000
10111011
10111101
11000000
11000011
11000101
11000110
11001001
11001010
11001111
11010001
11010010
11010100
11010111
11011000
11011101
11011110
11100001
11100010
11100100
11101000
11101011
11101101
11101110
11110011
11110101
11110110
11111001
11111010
11111100
11111111
