# k=6 n=20 max d_B=23 |E_k|=34
5 4 4 3 2 1 1
5 4 4 2 2 2 1
5 4 4 2 2 1 1 1
5 4 3 3 3 1 1
5 4 3 3 2 2 1
5 4 3 3 2 1 1 1
5 4 3 2 2 2 2
5 4 3 2 2 2 1 1
5 4 3 2 2 1 1 1 1
5 3 3 3 3 2 1
5 3 3 3 3 1 1 1
5 3 3 3 2 2 2
5 3 3 3 2 2 1 1
5 3 3 3 2 1 1 1 1
5 3 3 2 2 2 2 1
5 3 3 2 2 2 1 1 1
4 4 4 3 3 1 1
4 4 4 3 2 2 1
4 4 4 3 2 1 1 1
4 4 4 2 2 2 2
4 4 4 2 2 2 1 1
4 4 4 2 2 1 1 1 1
4 4 3 3 3 2 1
4 4 3 3 3 1 1 1
4 4 3 3 2 2 2
4 4 3 3 2 1 1 1 1
4 4 3 2 2 2 2 1
4 4 3 2 2 2 1 1 1
4 3 3 3 3 2 2
4 3 3 3 3 2 1 1
4 3 3 3 3 1 1 1 1
4 3 3 3 2 2 2 1
4 3 3 3 2 2 1 1 1
4 3 3 2 2 2 2 1 1
