# k=7 n=27 max d_B=34 |E_k|=175
6 5 5 4 3 2 1 1
6 5 5 4 2 2 2 1
6 5 5 4 2 2 1 1 1
6 5 5 3 3 3 1 1
6 5 5 3 3 2 2 1
6 5 5 3 3 2 1 1 1
6 5 5 3 2 2 2 2
6 5 5 3 2 2 2 1 1
6 5 5 3 2 2 1 1 1 1
6 5 4 4 4 2 1 1
6 5 4 4 3 3 1 1
6 5 4 4 3 2 2 1
6 5 4 4 3 2 1 1 1
6 5 4 4 2 2 2 2
6 5 4 4 2 2 2 1 1
6 5 4 4 2 2 1 1 1 1
6 5 4 3 3 3 2 1
6 5 4 3 3 3 1 1 1
6 5 4 3 3 2 2 2
6 5 4 3 3 2 2 1 1
6 5 4 3 3 2 1 1 1 1
6 5 4 3 2 2 2 2 1
6 5 4 3 2 2 2 1 1 1
6 5 4 3 2 2 1 1 1 1 1
6 5 3 3 3 3 3 1
6 5 3 3 3 3 2 2
6 5 3 3 3 3 2 1 1
6 5 3 3 3 3 1 1 1 1
6 5 3 3 3 2 2 2 1
6 5 3 3 3 2 2 1 1 1
6 5 3 3 3 2 1 1 1 1 1
6 5 3 3 2 2 2 2 2
6 5 3 3 2 2 2 2 1 1
6 5 3 3 2 2 2 1 1 1 1
6 4 4 4 4 3 1 1
6 4 4 4 4 2 2 1
6 4 4 4 4 2 1 1 1
6 4 4 4 3 3 2 1
6 4 4 4 3 3 1 1 1
6 4 4 4 3 2 2 2
6 4 4 4 3 2 2 1 1
6 4 4 4 3 2 1 1 1 1
6 4 4 4 2 2 2 2 1
6 4 4 4 2 2 2 1 1 1
6 4 4 4 2 2 1 1 1 1 1
6 4 4 3 3 3 3 1
6 4 4 3 3 3 2 2
6 4 4 3 3 3 2 1 1
6 4 4 3 3 3 1 1 1 1
6 4 4 3 3 2 2 2 1
6 4 4 3 3 2 2 1 1 1
6 4 4 3 3 2 1 1 1 1 1
6 4 4 3 2 2 2 2 2
6 4 4 3 2 2 2 2 1 1
6 4 4 3 2 2 2 1 1 1 1
6 4 3 3 3 3 3 2
6 4 3 3 3 3 3 1 1
6 4 3 3 3 3 2 2 1
6 4 3 3 3 3 2 1 1 1
6 4 3 3 3 3 1 1 1 1 1
6 4 3 3 3 2 2 2 2
6 4 3 3 3 2 2 2 1 1
6 4 3 3 3 2 2 1 1 1 1
6 4 3 3 2 2 2 2 2 1
6 4 3 3 2 2 2 2 1 1 1
5 5 5 4 4 2 1 1
5 5 5 4 3 3 1 1
5 5 5 4 3 2 2 1
5 5 5 4 3 2 1 1 1
5 5 5 4 2 2 2 2
5 5 5 4 2 2 2 1 1
5 5 5 4 2 2 1 1 1 1
5 5 5 3 3 3 2 1
5 5 5 3 3 3 1 1 1
5 5 5 3 3 2 2 2
5 5 5 3 3 2 2 1 1
5 5 5 3 3 2 1 1 1 1
5 5 5 3 2 2 2 2 1
5 5 5 3 2 2 2 1 1 1
5 5 5 3 2 2 1 1 1 1 1
5 5 4 4 4 3 1 1
5 5 4 4 4 2 2 1
5 5 4 4 4 2 1 1 1
5 5 4 4 3 3 2 1
5 5 4 4 3 3 1 1 1
5 5 4 4 3 2 2 2
5 5 4 4 3 2 2 1 1
5 5 4 4 3 2 1 1 1 1
5 5 4 4 2 2 2 2 1
5 5 4 4 2 2 2 1 1 1
5 5 4 4 2 2 1 1 1 1 1
5 5 4 3 3 3 3 1
5 5 4 3 3 3 2 2
5 5 4 3 3 3 2 1 1
5 5 4 3 3 3 1 1 1 1
5 5 4 3 3 2 2 2 1
5 5 4 3 3 2 2 1 1 1
5 5 4 3 3 2 1 1 1 1 1
5 5 4 3 2 2 2 2 2
5 5 4 3 2 2 2 2 1 1
5 5 4 3 2 2 2 1 1 1 1
5 5 3 3 3 3 3 2
5 5 3 3 3 3 3 1 1
5 5 3 3 3 3 2 2 1
5 5 3 3 3 3 2 1 1 1
5 5 3 3 3 3 1 1 1 1 1
5 5 3 3 3 2 2 2 2
5 5 3 3 3 2 2 2 1 1
5 5 3 3 3 2 2 1 1 1 1
5 5 3 3 2 2 2 2 2 1
5 5 3 3 2 2 2 2 1 1 1
5 4 4 4 4 3 2 1
5 4 4 4 4 3 1 1 1
5 4 4 4 4 2 2 2
5 4 4 4 4 2 2 1 1
5 4 4 4 4 2 1 1 1 1
5 4 4 4 3 3 3 1
5 4 4 4 3 3 2 2
5 4 4 4 3 3 2 1 1
5 4 4 4 3 3 1 1 1 1
5 4 4 4 3 2 2 2 1
5 4 4 4 3 2 2 1 1 1
5 4 4 4 3 2 1 1 1 1 1
5 4 4 4 2 2 2 2 2
5 4 4 4 2 2 2 2 1 1
5 4 4 4 2 2 2 1 1 1 1
5 4 4 3 3 3 3 2
5 4 4 3 3 3 3 1 1
5 4 4 3 3 3 2 2 1
5 4 4 3 3 3 2 1 1 1
5 4 4 3 3 3 1 1 1 1 1
5 4 4 3 3 2 2 2 2
5 4 4 3 3 2 2 2 1 1
5 4 4 3 3 2 2 1 1 1 1
5 4 4 3 2 2 2 2 2 1
5 4 4 3 2 2 2 2 1 1 1
5 4 3 3 3 3 3 2 1
5 4 3 3 3 3 3 1 1 1
5 4 3 3 3 3 2 2 2
5 4 3 3 3 3 2 2 1 1
5 4 3 3 3 3 2 1 1 1 1
5 4 3 3 3 2 2 2 2 1
5 4 3 3 3 2 2 2 1 1 1
5 4 3 3 2 2 2 2 2 1 1
4 4 4 4 4 3 3 1
4 4 4 4 4 3 2 2
4 4 4 4 4 3 2 1 1
4 4 4 4 4 3 1 1 1 1
4 4 4 4 4 2 2 2 1
4 4 4 4 4 2 2 1 1 1
4 4 4 4 4 2 1 1 1 1 1
4 4 4 4 3 3 3 2
4 4 4 4 3 3 3 1 1
4 4 4 4 3 3 2 2 1
4 4 4 4 3 3 2 1 1 1
4 4 4 4 3 3 1 1 1 1 1
4 4 4 4 3 2 2 2 2
4 4 4 4 3 2 2 2 1 1
4 4 4 4 3 2 2 1 1 1 1
4 4 4 4 2 2 2 2 2 1
4 4 4 4 2 2 2 2 1 1 1
4 4 4 3 3 3 3 2 1
4 4 4 3 3 3 3 1 1 1
4 4 4 3 3 3 2 2 2
4 4 4 3 3 3 2 2 1 1
4 4 4 3 3 3 2 1 1 1 1
4 4 4 3 3 2 2 2 2 1
4 4 4 3 3 2 2 2 1 1 1
4 4 4 3 2 2 2 2 2 1 1
4 4 3 3 3 3 3 2 2
4 4 3 3 3 3 3 2 1 1
4 4 3 3 3 3 3 1 1 1 1
4 4 3 3 3 3 2 2 2 1
4 4 3 3 3 3 2 2 1 1 1
4 4 3 3 3 2 2 2 2 1 1
