# k=8 n=35 max d_B=47 |E_k|=831
7 6 6 5 4 3 2 1 1
7 6 6 5 4 2 2 2 1
7 6 6 5 4 2 2 1 1 1
7 6 6 5 3 3 3 1 1
7 6 6 5 3 3 2 2 1
7 6 6 5 3 3 2 1 1 1
7 6 6 5 3 2 2 2 2
7 6 6 5 3 2 2 2 1 1
7 6 6 5 3 2 2 1 1 1 1
7 6 6 4 4 4 2 1 1
7 6 6 4 4 3 3 1 1
7 6 6 4 4 3 2 2 1
7 6 6 4 4 3 2 1 1 1
7 6 6 4 4 2 2 2 2
7 6 6 4 4 2 2 2 1 1
7 6 6 4 4 2 2 1 1 1 1
7 6 6 4 3 3 3 2 1
7 6 6 4 3 3 3 1 1 1
7 6 6 4 3 3 2 2 2
7 6 6 4 3 3 2 2 1 1
7 6 6 4 3 3 2 1 1 1 1
7 6 6 4 3 2 2 2 2 1
7 6 6 4 3 2 2 2 1 1 1
7 6 6 4 3 2 2 1 1 1 1 1
7 6 6 3 3 3 3 3 1
7 6 6 3 3 3 3 2 2
7 6 6 3 3 3 3 2 1 1
7 6 6 3 3 3 3 1 1 1 1
7 6 6 3 3 3 2 2 2 1
7 6 6 3 3 3 2 2 1 1 1
7 6 6 3 3 3 2 1 1 1 1 1
7 6 6 3 3 2 2 2 2 2
7 6 6 3 3 2 2 2 2 1 1
7 6 6 3 3 2 2 2 1 1 1 1
7 6 5 5 5 3 2 1 1
7 6 5 5 5 2 2 2 1
7 6 5 5 5 2 2 1 1 1
7 6 5 5 4 4 2 1 1
7 6 5 5 4 3 3 1 1
7 6 5 5 4 3 2 2 1
7 6 5 5 4 3 2 1 1 1
7 6 5 5 4 2 2 2 2
7 6 5 5 4 2 2 2 1 1
7 6 5 5 4 2 2 1 1 1 1
7 6 5 5 3 3 3 2 1
7 6 5 5 3 3 3 1 1 1
7 6 5 5 3 3 2 2 2
7 6 5 5 3 3 2 2 1 1
7 6 5 5 3 3 2 1 1 1 1
7 6 5 5 3 2 2 2 2 1
7 6 5 5 3 2 2 2 1 1 1
7 6 5 5 3 2 2 1 1 1 1 1
7 6 5 4 4 4 3 1 1
7 6 5 4 4 4 2 2 1
7 6 5 4 4 4 2 1 1 1
7 6 5 4 4 3 3 2 1
7 6 5 4 4 3 3 1 1 1
7 6 5 4 4 3 2 2 2
7 6 5 4 4 3 2 2 1 1
7 6 5 4 4 3 2 1 1 1 1
7 6 5 4 4 2 2 2 2 1
7 6 5 4 4 2 2 2 1 1 1
7 6 5 4 4 2 2 1 1 1 1 1
7 6 5 4 3 3 3 3 1
7 6 5 4 3 3 3 2 2
7 6 5 4 3 3 3 2 1 1
7 6 5 4 3 3 3 1 1 1 1
7 6 5 4 3 3 2 2 2 1
7 6 5 4 3 3 2 2 1 1 1
7 6 5 4 3 3 2 1 1 1 1 1
7 6 5 4 3 2 2 2 2 2
7 6 5 4 3 2 2 2 2 1 1
7 6 5 4 3 2 2 2 1 1 1 1
7 6 5 4 3 2 2 1 1 1 1 1 1
7 6 5 3 3 3 3 3 2
7 6 5 3 3 3 3 3 1 1
7 6 5 3 3 3 3 2 2 1
7 6 5 3 3 3 3 2 1 1 1
7 6 5 3 3 3 3 1 1 1 1 1
7 6 5 3 3 3 2 2 2 2
7 6 5 3 3 3 2 2 2 1 1
7 6 5 3 3 3 2 2 1 1 1 1
7 6 5 3 3 3 2 1 1 1 1 1 1
7 6 5 3 3 2 2 2 2 2 1
7 6 5 3 3 2 2 2 2 1 1 1
7 6 5 3 3 2 2 2 1 1 1 1 1
7 6 4 4 4 4 4 1 1
7 6 4 4 4 4 3 2 1
7 6 4 4 4 4 3 1 1 1
7 6 4 4 4 4 2 2 2
7 6 4 4 4 4 2 2 1 1
7 6 4 4 4 4 2 1 1 1 1
7 6 4 4 4 3 3 3 1
7 6 4 4 4 3 3 2 2
7 6 4 4 4 3 3 2 1 1
7 6 4 4 4 3 3 1 1 1 1
7 6 4 4 4 3 2 2 2 1
7 6 4 4 4 3 2 2 1 1 1
7 6 4 4 4 3 2 1 1 1 1 1
7 6 4 4 4 2 2 2 2 2
7 6 4 4 4 2 2 2 2 1 1
7 6 4 4 4 2 2 2 1 1 1 1
7 6 4 4 4 2 2 1 1 1 1 1 1
7 6 4 4 3 3 3 3 2
7 6 4 4 3 3 3 3 1 1
7 6 4 4 3 3 3 2 2 1
7 6 4 4 3 3 3 2 1 1 1
7 6 4 4 3 3 3 1 1 1 1 1
7 6 4 4 3 3 2 2 2 2
7 6 4 4 3 3 2 2 2 1 1
7 6 4 4 3 3 2 2 1 1 1 1
7 6 4 4 3 3 2 1 1 1 1 1 1
7 6 4 4 3 2 2 2 2 2 1
7 6 4 4 3 2 2 2 2 1 1 1
7 6 4 4 3 2 2 2 1 1 1 1 1
7 6 4 3 3 3 3 3 3
7 6 4 3 3 3 3 3 2 1
7 6 4 3 3 3 3 3 1 1 1
7 6 4 3 3 3 3 2 2 2
7 6 4 3 3 3 3 2 2 1 1
7 6 4 3 3 3 3 2 1 1 1 1
7 6 4 3 3 3 3 1 1 1 1 1 1
7 6 4 3 3 3 2 2 2 2 1
7 6 4 3 3 3 2 2 2 1 1 1
7 6 4 3 3 3 2 2 1 1 1 1 1
7 6 4 3 3 2 2 2 2 2 2
7 6 4 3 3 2 2 2 2 2 1 1
7 6 4 3 3 2 2 2 2 1 1 1 1
7 5 5 5 5 4 2 1 1
7 5 5 5 5 3 3 1 1
7 5 5 5 5 3 2 2 1
7 5 5 5 5 3 2 1 1 1
7 5 5 5 5 2 2 2 2
7 5 5 5 5 2 2 2 1 1
7 5 5 5 5 2 2 1 1 1 1
7 5 5 5 4 4 3 1 1
7 5 5 5 4 4 2 2 1
7 5 5 5 4 4 2 1 1 1
7 5 5 5 4 3 3 2 1
7 5 5 5 4 3 3 1 1 1
7 5 5 5 4 3 2 2 2
7 5 5 5 4 3 2 2 1 1
7 5 5 5 4 3 2 1 1 1 1
7 5 5 5 4 2 2 2 2 1
7 5 5 5 4 2 2 2 1 1 1
7 5 5 5 4 2 2 1 1 1 1 1
7 5 5 5 3 3 3 3 1
7 5 5 5 3 3 3 2 2
7 5 5 5 3 3 3 2 1 1
7 5 5 5 3 3 3 1 1 1 1
7 5 5 5 3 3 2 2 2 1
7 5 5 5 3 3 2 2 1 1 1
7 5 5 5 3 3 2 1 1 1 1 1
7 5 5 5 3 2 2 2 2 2
7 5 5 5 3 2 2 2 2 1 1
7 5 5 5 3 2 2 2 1 1 1 1
7 5 5 5 3 2 2 1 1 1 1 1 1
7 5 5 4 4 4 4 1 1
7 5 5 4 4 4 3 2 1
7 5 5 4 4 4 3 1 1 1
7 5 5 4 4 4 2 2 2
7 5 5 4 4 4 2 2 1 1
7 5 5 4 4 4 2 1 1 1 1
7 5 5 4 4 3 3 3 1
7 5 5 4 4 3 3 2 2
7 5 5 4 4 3 3 2 1 1
7 5 5 4 4 3 3 1 1 1 1
7 5 5 4 4 3 2 2 2 1
7 5 5 4 4 3 2 2 1 1 1
7 5 5 4 4 3 2 1 1 1 1 1
7 5 5 4 4 2 2 2 2 2
7 5 5 4 4 2 2 2 2 1 1
7 5 5 4 4 2 2 2 1 1 1 1
7 5 5 4 4 2 2 1 1 1 1 1 1
7 5 5 4 3 3 3 3 2
7 5 5 4 3 3 3 3 1 1
7 5 5 4 3 3 3 2 2 1
7 5 5 4 3 3 3 2 1 1 1
7 5 5 4 3 3 3 1 1 1 1 1
7 5 5 4 3 3 2 2 2 2
7 5 5 4 3 3 2 2 2 1 1
7 5 5 4 3 3 2 2 1 1 1 1
7 5 5 4 3 3 2 1 1 1 1 1 1
7 5 5 4 3 2 2 2 2 2 1
7 5 5 4 3 2 2 2 2 1 1 1
7 5 5 4 3 2 2 2 1 1 1 1 1
7 5 5 3 3 3 3 3 3
7 5 5 3 3 3 3 3 2 1
7 5 5 3 3 3 3 3 1 1 1
7 5 5 3 3 3 3 2 2 2
7 5 5 3 3 3 3 2 2 1 1
7 5 5 3 3 3 3 2 1 1 1 1
7 5 5 3 3 3 3 1 1 1 1 1 1
7 5 5 3 3 3 2 2 2 2 1
7 5 5 3 3 3 2 2 2 1 1 1
7 5 5 3 3 3 2 2 1 1 1 1 1
7 5 5 3 3 2 2 2 2 2 2
7 5 5 3 3 2 2 2 2 2 1 1
7 5 5 3 3 2 2 2 2 1 1 1 1
7 5 4 4 4 4 4 2 1
7 5 4 4 4 4 4 1 1 1
7 5 4 4 4 4 3 3 1
7 5 4 4 4 4 3 2 2
7 5 4 4 4 4 3 2 1 1
7 5 4 4 4 4 3 1 1 1 1
7 5 4 4 4 4 2 2 2 1
7 5 4 4 4 4 2 2 1 1 1
7 5 4 4 4 4 2 1 1 1 1 1
7 5 4 4 4 3 3 3 2
7 5 4 4 4 3 3 3 1 1
7 5 4 4 4 3 3 2 2 1
7 5 4 4 4 3 3 2 1 1 1
7 5 4 4 4 3 3 1 1 1 1 1
7 5 4 4 4 3 2 2 2 2
7 5 4 4 4 3 2 2 2 1 1
7 5 4 4 4 3 2 2 1 1 1 1
7 5 4 4 4 3 2 1 1 1 1 1 1
7 5 4 4 4 2 2 2 2 2 1
7 5 4 4 4 2 2 2 2 1 1 1
7 5 4 4 4 2 2 2 1 1 1 1 1
7 5 4 4 3 3 3 3 3
7 5 4 4 3 3 3 3 2 1
7 5 4 4 3 3 3 3 1 1 1
7 5 4 4 3 3 3 2 2 2
7 5 4 4 3 3 3 2 2 1 1
7 5 4 4 3 3 3 2 1 1 1 1
7 5 4 4 3 3 3 1 1 1 1 1 1
7 5 4 4 3 3 2 2 2 2 1
7 5 4 4 3 3 2 2 2 1 1 1
7 5 4 4 3 3 2 2 1 1 1 1 1
7 5 4 4 3 2 2 2 2 2 2
7 5 4 4 3 2 2 2 2 2 1 1
7 5 4 4 3 2 2 2 2 1 1 1 1
7 5 4 3 3 3 3 3 3 1
7 5 4 3 3 3 3 3 2 2
7 5 4 3 3 3 3 3 2 1 1
7 5 4 3 3 3 3 3 1 1 1 1
7 5 4 3 3 3 3 2 2 2 1
7 5 4 3 3 3 3 2 2 1 1 1
7 5 4 3 3 3 3 2 1 1 1 1 1
7 5 4 3 3 3 2 2 2 2 2
7 5 4 3 3 3 2 2 2 2 1 1
7 5 4 3 3 3 2 2 2 1 1 1 1
7 5 4 3 3 2 2 2 2 2 2 1
7 5 4 3 3 2 2 2 2 2 1 1 1
7 4 4 4 4 4 4 3 1
7 4 4 4 4 4 4 2 2
7 4 4 4 4 4 4 2 1 1
7 4 4 4 4 4 4 1 1 1 1
7 4 4 4 4 4 3 3 2
7 4 4 4 4 4 3 3 1 1
7 4 4 4 4 4 3 2 2 1
7 4 4 4 4 4 3 2 1 1 1
7 4 4 4 4 4 3 1 1 1 1 1
7 4 4 4 4 4 2 2 2 2
7 4 4 4 4 4 2 2 2 1 1
7 4 4 4 4 4 2 2 1 1 1 1
7 4 4 4 4 4 2 1 1 1 1 1 1
7 4 4 4 4 3 3 3 3
7 4 4 4 4 3 3 3 2 1
7 4 4 4 4 3 3 3 1 1 1
7 4 4 4 4 3 3 2 2 2
7 4 4 4 4 3 3 2 2 1 1
7 4 4 4 4 3 3 2 1 1 1 1
7 4 4 4 4 3 3 1 1 1 1 1 1
7 4 4 4 4 3 2 2 2 2 1
7 4 4 4 4 3 2 2 2 1 1 1
7 4 4 4 4 3 2 2 1 1 1 1 1
7 4 4 4 4 2 2 2 2 2 2
7 4 4 4 4 2 2 2 2 2 1 1
7 4 4 4 4 2 2 2 2 1 1 1 1
7 4 4 4 3 3 3 3 3 1
7 4 4 4 3 3 3 3 2 2
7 4 4 4 3 3 3 3 2 1 1
7 4 4 4 3 3 3 3 1 1 1 1
7 4 4 4 3 3 3 2 2 2 1
7 4 4 4 3 3 3 2 2 1 1 1
7 4 4 4 3 3 3 2 1 1 1 1 1
7 4 4 4 3 3 2 2 2 2 2
7 4 4 4 3 3 2 2 2 2 1 1
7 4 4 4 3 3 2 2 2 1 1 1 1
7 4 4 4 3 2 2 2 2 2 2 1
7 4 4 4 3 2 2 2 2 2 1 1 1
7 4 4 3 3 3 3 3 3 2
7 4 4 3 3 3 3 3 3 1 1
7 4 4 3 3 3 3 3 2 2 1
7 4 4 3 3 3 3 3 2 1 1 1
7 4 4 3 3 3 3 3 1 1 1 1 1
7 4 4 3 3 3 3 2 2 2 2
7 4 4 3 3 3 3 2 2 2 1 1
7 4 4 3 3 3 3 2 2 1 1 1 1
7 4 4 3 3 3 2 2 2 2 2 1
7 4 4 3 3 3 2 2 2 2 1 1 1
6 6 6 5 5 3 2 1 1
6 6 6 5 5 2 2 2 1
6 6 6 5 5 2 2 1 1 1
6 6 6 5 4 4 2 1 1
6 6 6 5 4 3 3 1 1
6 6 6 5 4 3 2 2 1
6 6 6 5 4 3 2 1 1 1
6 6 6 5 4 2 2 2 2
6 6 6 5 4 2 2 2 1 1
6 6 6 5 4 2 2 1 1 1 1
6 6 6 5 3 3 3 2 1
6 6 6 5 3 3 3 1 1 1
6 6 6 5 3 3 2 2 2
6 6 6 5 3 3 2 2 1 1
6 6 6 5 3 3 2 1 1 1 1
6 6 6 5 3 2 2 2 2 1
6 6 6 5 3 2 2 2 1 1 1
6 6 6 5 3 2 2 1 1 1 1 1
6 6 6 4 4 4 3 1 1
6 6 6 4 4 4 2 2 1
6 6 6 4 4 4 2 1 1 1
6 6 6 4 4 3 3 2 1
6 6 6 4 4 3 3 1 1 1
6 6 6 4 4 3 2 2 2
6 6 6 4 4 3 2 2 1 1
6 6 6 4 4 3 2 1 1 1 1
6 6 6 4 4 2 2 2 2 1
6 6 6 4 4 2 2 2 1 1 1
6 6 6 4 4 2 2 1 1 1 1 1
6 6 6 4 3 3 3 3 1
6 6 6 4 3 3 3 2 2
6 6 6 4 3 3 3 2 1 1
6 6 6 4 3 3 3 1 1 1 1
6 6 6 4 3 3 2 2 2 1
6 6 6 4 3 3 2 2 1 1 1
6 6 6 4 3 3 2 1 1 1 1 1
6 6 6 4 3 2 2 2 2 2
6 6 6 4 3 2 2 2 2 1 1
6 6 6 4 3 2 2 2 1 1 1 1
6 6 6 4 3 2 2 1 1 1 1 1 1
6 6 6 3 3 3 3 3 2
6 6 6 3 3 3 3 3 1 1
6 6 6 3 3 3 3 2 2 1
6 6 6 3 3 3 3 2 1 1 1
6 6 6 3 3 3 3 1 1 1 1 1
6 6 6 3 3 3 2 2 2 2
6 6 6 3 3 3 2 2 2 1 1
6 6 6 3 3 3 2 2 1 1 1 1
6 6 6 3 3 3 2 1 1 1 1 1 1
6 6 6 3 3 2 2 2 2 2 1
6 6 6 3 3 2 2 2 2 1 1 1
6 6 6 3 3 2 2 2 1 1 1 1 1
6 6 5 5 5 4 2 1 1
6 6 5 5 5 3 3 1 1
6 6 5 5 5 3 2 2 1
6 6 5 5 5 3 2 1 1 1
6 6 5 5 5 2 2 2 2
6 6 5 5 5 2 2 2 1 1
6 6 5 5 5 2 2 1 1 1 1
6 6 5 5 4 4 3 1 1
6 6 5 5 4 4 2 2 1
6 6 5 5 4 4 2 1 1 1
6 6 5 5 4 3 3 2 1
6 6 5 5 4 3 3 1 1 1
6 6 5 5 4 3 2 2 2
6 6 5 5 4 3 2 2 1 1
6 6 5 5 4 3 2 1 1 1 1
6 6 5 5 4 2 2 2 2 1
6 6 5 5 4 2 2 2 1 1 1
6 6 5 5 4 2 2 1 1 1 1 1
6 6 5 5 3 3 3 3 1
6 6 5 5 3 3 3 2 2
6 6 5 5 3 3 3 2 1 1
6 6 5 5 3 3 3 1 1 1 1
6 6 5 5 3 3 2 2 2 1
6 6 5 5 3 3 2 2 1 1 1
6 6 5 5 3 3 2 1 1 1 1 1
6 6 5 5 3 2 2 2 2 2
6 6 5 5 3 2 2 2 2 1 1
6 6 5 5 3 2 2 2 1 1 1 1
6 6 5 5 3 2 2 1 1 1 1 1 1
6 6 5 4 4 4 4 1 1
6 6 5 4 4 4 3 2 1
6 6 5 4 4 4 3 1 1 1
6 6 5 4 4 4 2 2 2
6 6 5 4 4 4 2 2 1 1
6 6 5 4 4 4 2 1 1 1 1
6 6 5 4 4 3 3 3 1
6 6 5 4 4 3 3 2 2
6 6 5 4 4 3 3 2 1 1
6 6 5 4 4 3 3 1 1 1 1
6 6 5 4 4 3 2 2 2 1
6 6 5 4 4 3 2 2 1 1 1
6 6 5 4 4 3 2 1 1 1 1 1
6 6 5 4 4 2 2 2 2 2
6 6 5 4 4 2 2 2 2 1 1
6 6 5 4 4 2 2 2 1 1 1 1
6 6 5 4 4 2 2 1 1 1 1 1 1
6 6 5 4 3 3 3 3 2
6 6 5 4 3 3 3 3 1 1
6 6 5 4 3 3 3 2 2 1
6 6 5 4 3 3 3 2 1 1 1
6 6 5 4 3 3 3 1 1 1 1 1
6 6 5 4 3 3 2 2 2 2
6 6 5 4 3 3 2 2 2 1 1
6 6 5 4 3 3 2 2 1 1 1 1
6 6 5 4 3 3 2 1 1 1 1 1 1
6 6 5 4 3 2 2 2 2 2 1
6 6 5 4 3 2 2 2 2 1 1 1
6 6 5 4 3 2 2 2 1 1 1 1 1
6 6 5 3 3 3 3 3 3
6 6 5 3 3 3 3 3 2 1
6 6 5 3 3 3 3 3 1 1 1
6 6 5 3 3 3 3 2 2 2
6 6 5 3 3 3 3 2 2 1 1
6 6 5 3 3 3 3 2 1 1 1 1
6 6 5 3 3 3 3 1 1 1 1 1 1
6 6 5 3 3 3 2 2 2 2 1
6 6 5 3 3 3 2 2 2 1 1 1
6 6 5 3 3 3 2 2 1 1 1 1 1
6 6 5 3 3 2 2 2 2 2 2
6 6 5 3 3 2 2 2 2 2 1 1
6 6 5 3 3 2 2 2 2 1 1 1 1
6 6 4 4 4 4 4 2 1
6 6 4 4 4 4 4 1 1 1
6 6 4 4 4 4 3 3 1
6 6 4 4 4 4 3 2 2
6 6 4 4 4 4 3 2 1 1
6 6 4 4 4 4 3 1 1 1 1
6 6 4 4 4 4 2 2 2 1
6 6 4 4 4 4 2 2 1 1 1
6 6 4 4 4 4 2 1 1 1 1 1
6 6 4 4 4 3 3 3 2
6 6 4 4 4 3 3 3 1 1
6 6 4 4 4 3 3 2 2 1
6 6 4 4 4 3 3 2 1 1 1
6 6 4 4 4 3 3 1 1 1 1 1
6 6 4 4 4 3 2 2 2 2
6 6 4 4 4 3 2 2 2 1 1
6 6 4 4 4 3 2 2 1 1 1 1
6 6 4 4 4 3 2 1 1 1 1 1 1
6 6 4 4 4 2 2 2 2 2 1
6 6 4 4 4 2 2 2 2 1 1 1
6 6 4 4 4 2 2 2 1 1 1 1 1
6 6 4 4 3 3 3 3 3
6 6 4 4 3 3 3 3 2 1
6 6 4 4 3 3 3 3 1 1 1
6 6 4 4 3 3 3 2 2 2
6 6 4 4 3 3 3 2 2 1 1
6 6 4 4 3 3 3 2 1 1 1 1
6 6 4 4 3 3 3 1 1 1 1 1 1
6 6 4 4 3 3 2 2 2 2 1
6 6 4 4 3 3 2 2 2 1 1 1
6 6 4 4 3 3 2 2 1 1 1 1 1
6 6 4 4 3 2 2 2 2 2 2
6 6 4 4 3 2 2 2 2 2 1 1
6 6 4 4 3 2 2 2 2 1 1 1 1
6 6 4 3 3 3 3 3 3 1
6 6 4 3 3 3 3 3 2 2
6 6 4 3 3 3 3 3 2 1 1
6 6 4 3 3 3 3 3 1 1 1 1
6 6 4 3 3 3 3 2 2 2 1
6 6 4 3 3 3 3 2 2 1 1 1
6 6 4 3 3 3 3 2 1 1 1 1 1
6 6 4 3 3 3 2 2 2 2 2
6 6 4 3 3 3 2 2 2 2 1 1
6 6 4 3 3 3 2 2 2 1 1 1 1
6 6 4 3 3 2 2 2 2 2 2 1
6 6 4 3 3 2 2 2 2 2 1 1 1
6 5 5 5 5 4 3 1 1
6 5 5 5 5 4 2 2 1
6 5 5 5 5 4 2 1 1 1
6 5 5 5 5 3 3 2 1
6 5 5 5 5 3 3 1 1 1
6 5 5 5 5 3 2 2 2
6 5 5 5 5 3 2 2 1 1
6 5 5 5 5 3 2 1 1 1 1
6 5 5 5 5 2 2 2 2 1
6 5 5 5 5 2 2 2 1 1 1
6 5 5 5 5 2 2 1 1 1 1 1
6 5 5 5 4 4 4 1 1
6 5 5 5 4 4 3 2 1
6 5 5 5 4 4 3 1 1 1
6 5 5 5 4 4 2 2 2
6 5 5 5 4 4 2 2 1 1
6 5 5 5 4 4 2 1 1 1 1
6 5 5 5 4 3 3 3 1
6 5 5 5 4 3 3 2 2
6 5 5 5 4 3 3 2 1 1
6 5 5 5 4 3 3 1 1 1 1
6 5 5 5 4 3 2 2 2 1
6 5 5 5 4 3 2 2 1 1 1
6 5 5 5 4 3 2 1 1 1 1 1
6 5 5 5 4 2 2 2 2 2
6 5 5 5 4 2 2 2 2 1 1
6 5 5 5 4 2 2 2 1 1 1 1
6 5 5 5 4 2 2 1 1 1 1 1 1
6 5 5 5 3 3 3 3 2
6 5 5 5 3 3 3 3 1 1
6 5 5 5 3 3 3 2 2 1
6 5 5 5 3 3 3 2 1 1 1
6 5 5 5 3 3 3 1 1 1 1 1
6 5 5 5 3 3 2 2 2 2
6 5 5 5 3 3 2 2 2 1 1
6 5 5 5 3 3 2 2 1 1 1 1
6 5 5 5 3 3 2 1 1 1 1 1 1
6 5 5 5 3 2 2 2 2 2 1
6 5 5 5 3 2 2 2 2 1 1 1
6 5 5 5 3 2 2 2 1 1 1 1 1
6 5 5 4 4 4 4 2 1
6 5 5 4 4 4 4 1 1 1
6 5 5 4 4 4 3 3 1
6 5 5 4 4 4 3 2 2
6 5 5 4 4 4 3 2 1 1
6 5 5 4 4 4 3 1 1 1 1
6 5 5 4 4 4 2 2 2 1
6 5 5 4 4 4 2 2 1 1 1
6 5 5 4 4 4 2 1 1 1 1 1
6 5 5 4 4 3 3 3 2
6 5 5 4 4 3 3 3 1 1
6 5 5 4 4 3 3 2 2 1
6 5 5 4 4 3 3 2 1 1 1
6 5 5 4 4 3 3 1 1 1 1 1
6 5 5 4 4 3 2 2 2 2
6 5 5 4 4 3 2 2 2 1 1
6 5 5 4 4 3 2 2 1 1 1 1
6 5 5 4 4 3 2 1 1 1 1 1 1
6 5 5 4 4 2 2 2 2 2 1
6 5 5 4 4 2 2 2 2 1 1 1
6 5 5 4 4 2 2 2 1 1 1 1 1
6 5 5 4 3 3 3 3 3
6 5 5 4 3 3 3 3 2 1
6 5 5 4 3 3 3 3 1 1 1
6 5 5 4 3 3 3 2 2 2
6 5 5 4 3 3 3 2 2 1 1
6 5 5 4 3 3 3 2 1 1 1 1
6 5 5 4 3 3 3 1 1 1 1 1 1
6 5 5 4 3 3 2 2 2 2 1
6 5 5 4 3 3 2 2 2 1 1 1
6 5 5 4 3 3 2 2 1 1 1 1 1
6 5 5 4 3 2 2 2 2 2 2
6 5 5 4 3 2 2 2 2 2 1 1
6 5 5 4 3 2 2 2 2 1 1 1 1
6 5 5 3 3 3 3 3 3 1
6 5 5 3 3 3 3 3 2 2
6 5 5 3 3 3 3 3 2 1 1
6 5 5 3 3 3 3 3 1 1 1 1
6 5 5 3 3 3 3 2 2 2 1
6 5 5 3 3 3 3 2 2 1 1 1
6 5 5 3 3 3 3 2 1 1 1 1 1
6 5 5 3 3 3 2 2 2 2 2
6 5 5 3 3 3 2 2 2 2 1 1
6 5 5 3 3 3 2 2 2 1 1 1 1
6 5 5 3 3 2 2 2 2 2 2 1
6 5 5 3 3 2 2 2 2 2 1 1 1
6 5 4 4 4 4 4 3 1
6 5 4 4 4 4 4 2 2
6 5 4 4 4 4 4 2 1 1
6 5 4 4 4 4 4 1 1 1 1
6 5 4 4 4 4 3 3 2
6 5 4 4 4 4 3 3 1 1
6 5 4 4 4 4 3 2 2 1
6 5 4 4 4 4 3 2 1 1 1
6 5 4 4 4 4 3 1 1 1 1 1
6 5 4 4 4 4 2 2 2 2
6 5 4 4 4 4 2 2 2 1 1
6 5 4 4 4 4 2 2 1 1 1 1
6 5 4 4 4 4 2 1 1 1 1 1 1
6 5 4 4 4 3 3 3 3
6 5 4 4 4 3 3 3 2 1
6 5 4 4 4 3 3 3 1 1 1
6 5 4 4 4 3 3 2 2 2
6 5 4 4 4 3 3 2 2 1 1
6 5 4 4 4 3 3 2 1 1 1 1
6 5 4 4 4 3 3 1 1 1 1 1 1
6 5 4 4 4 3 2 2 2 2 1
6 5 4 4 4 3 2 2 2 1 1 1
6 5 4 4 4 3 2 2 1 1 1 1 1
6 5 4 4 4 2 2 2 2 2 2
6 5 4 4 4 2 2 2 2 2 1 1
6 5 4 4 4 2 2 2 2 1 1 1 1
6 5 4 4 3 3 3 3 3 1
6 5 4 4 3 3 3 3 2 2
6 5 4 4 3 3 3 3 2 1 1
6 5 4 4 3 3 3 3 1 1 1 1
6 5 4 4 3 3 3 2 2 2 1
6 5 4 4 3 3 3 2 2 1 1 1
6 5 4 4 3 3 3 2 1 1 1 1 1
6 5 4 4 3 3 2 2 2 2 2
6 5 4 4 3 3 2 2 2 2 1 1
6 5 4 4 3 3 2 2 2 1 1 1 1
6 5 4 4 3 2 2 2 2 2 2 1
6 5 4 4 3 2 2 2 2 2 1 1 1
6 5 4 3 3 3 3 3 3 2
6 5 4 3 3 3 3 3 3 1 1
6 5 4 3 3 3 3 3 2 2 1
6 5 4 3 3 3 3 3 2 1 1 1
6 5 4 3 3 3 3 3 1 1 1 1 1
6 5 4 3 3 3 3 2 2 2 2
6 5 4 3 3 3 3 2 2 2 1 1
6 5 4 3 3 3 3 2 2 1 1 1 1
6 5 4 3 3 3 2 2 2 2 2 1
6 5 4 3 3 3 2 2 2 2 1 1 1
6 5 4 3 3 2 2 2 2 2 2 1 1
6 4 4 4 4 4 4 3 2
6 4 4 4 4 4 4 3 1 1
6 4 4 4 4 4 4 2 2 1
6 4 4 4 4 4 4 2 1 1 1
6 4 4 4 4 4 4 1 1 1 1 1
6 4 4 4 4 4 3 3 3
6 4 4 4 4 4 3 3 2 1
6 4 4 4 4 4 3 3 1 1 1
6 4 4 4 4 4 3 2 2 2
6 4 4 4 4 4 3 2 2 1 1
6 4 4 4 4 4 3 2 1 1 1 1
6 4 4 4 4 4 3 1 1 1 1 1 1
6 4 4 4 4 4 2 2 2 2 1
6 4 4 4 4 4 2 2 2 1 1 1
6 4 4 4 4 4 2 2 1 1 1 1 1
6 4 4 4 4 3 3 3 3 1
6 4 4 4 4 3 3 3 2 2
6 4 4 4 4 3 3 3 2 1 1
6 4 4 4 4 3 3 3 1 1 1 1
6 4 4 4 4 3 3 2 2 2 1
6 4 4 4 4 3 3 2 2 1 1 1
6 4 4 4 4 3 3 2 1 1 1 1 1
6 4 4 4 4 3 2 2 2 2 2
6 4 4 4 4 3 2 2 2 2 1 1
6 4 4 4 4 3 2 2 2 1 1 1 1
6 4 4 4 4 2 2 2 2 2 2 1
6 4 4 4 4 2 2 2 2 2 1 1 1
6 4 4 4 3 3 3 3 3 2
6 4 4 4 3 3 3 3 3 1 1
6 4 4 4 3 3 3 3 2 2 1
6 4 4 4 3 3 3 3 2 1 1 1
6 4 4 4 3 3 3 3 1 1 1 1 1
6 4 4 4 3 3 3 2 2 2 2
6 4 4 4 3 3 3 2 2 2 1 1
6 4 4 4 3 3 3 2 2 1 1 1 1
6 4 4 4 3 3 2 2 2 2 2 1
6 4 4 4 3 3 2 2 2 2 1 1 1
6 4 4 4 3 2 2 2 2 2 2 1 1
6 4 4 3 3 3 3 3 3 2 1
6 4 4 3 3 3 3 3 3 1 1 1
6 4 4 3 3 3 3 3 2 2 2
6 4 4 3 3 3 3 3 2 2 1 1
6 4 4 3 3 3 3 3 2 1 1 1 1
6 4 4 3 3 3 3 2 2 2 2 1
6 4 4 3 3 3 3 2 2 2 1 1 1
6 4 4 3 3 3 2 2 2 2 2 1 1
5 5 5 5 5 4 4 1 1
5 5 5 5 5 4 3 2 1
5 5 5 5 5 4 3 1 1 1
5 5 5 5 5 4 2 2 2
5 5 5 5 5 4 2 2 1 1
5 5 5 5 5 4 2 1 1 1 1
5 5 5 5 5 3 3 3 1
5 5 5 5 5 3 3 2 2
5 5 5 5 5 3 3 2 1 1
5 5 5 5 5 3 3 1 1 1 1
5 5 5 5 5 3 2 2 2 1
5 5 5 5 5 3 2 2 1 1 1
5 5 5 5 5 3 2 1 1 1 1 1
5 5 5 5 5 2 2 2 2 2
5 5 5 5 5 2 2 2 2 1 1
5 5 5 5 5 2 2 2 1 1 1 1
5 5 5 5 5 2 2 1 1 1 1 1 1
5 5 5 5 4 4 4 2 1
5 5 5 5 4 4 4 1 1 1
5 5 5 5 4 4 3 3 1
5 5 5 5 4 4 3 2 2
5 5 5 5 4 4 3 2 1 1
5 5 5 5 4 4 3 1 1 1 1
5 5 5 5 4 4 2 2 2 1
5 5 5 5 4 4 2 2 1 1 1
5 5 5 5 4 4 2 1 1 1 1 1
5 5 5 5 4 3 3 3 2
5 5 5 5 4 3 3 3 1 1
5 5 5 5 4 3 3 2 2 1
5 5 5 5 4 3 3 2 1 1 1
5 5 5 5 4 3 3 1 1 1 1 1
5 5 5 5 4 3 2 2 2 2
5 5 5 5 4 3 2 2 2 1 1
5 5 5 5 4 3 2 2 1 1 1 1
5 5 5 5 4 3 2 1 1 1 1 1 1
5 5 5 5 4 2 2 2 2 2 1
5 5 5 5 4 2 2 2 2 1 1 1
5 5 5 5 4 2 2 2 1 1 1 1 1
5 5 5 5 3 3 3 3 3
5 5 5 5 3 3 3 3 2 1
5 5 5 5 3 3 3 3 1 1 1
5 5 5 5 3 3 3 2 2 2
5 5 5 5 3 3 3 2 2 1 1
5 5 5 5 3 3 3 2 1 1 1 1
5 5 5 5 3 3 3 1 1 1 1 1 1
5 5 5 5 3 3 2 2 2 2 1
5 5 5 5 3 3 2 2 2 1 1 1
5 5 5 5 3 3 2 2 1 1 1 1 1
5 5 5 5 3 2 2 2 2 2 2
5 5 5 5 3 2 2 2 2 2 1 1
5 5 5 5 3 2 2 2 2 1 1 1 1
5 5 5 4 4 4 4 3 1
5 5 5 4 4 4 4 2 2
5 5 5 4 4 4 4 2 1 1
5 5 5 4 4 4 4 1 1 1 1
5 5 5 4 4 4 3 3 2
5 5 5 4 4 4 3 3 1 1
5 5 5 4 4 4 3 2 2 1
5 5 5 4 4 4 3 2 1 1 1
5 5 5 4 4 4 3 1 1 1 1 1
5 5 5 4 4 4 2 2 2 2
5 5 5 4 4 4 2 2 2 1 1
5 5 5 4 4 4 2 2 1 1 1 1
5 5 5 4 4 4 2 1 1 1 1 1 1
5 5 5 4 4 3 3 3 3
5 5 5 4 4 3 3 3 2 1
5 5 5 4 4 3 3 3 1 1 1
5 5 5 4 4 3 3 2 2 2
5 5 5 4 4 3 3 2 2 1 1
5 5 5 4 4 3 3 2 1 1 1 1
5 5 5 4 4 3 3 1 1 1 1 1 1
5 5 5 4 4 3 2 2 2 2 1
5 5 5 4 4 3 2 2 2 1 1 1
5 5 5 4 4 3 2 2 1 1 1 1 1
5 5 5 4 4 2 2 2 2 2 2
5 5 5 4 4 2 2 2 2 2 1 1
5 5 5 4 4 2 2 2 2 1 1 1 1
5 5 5 4 3 3 3 3 3 1
5 5 5 4 3 3 3 3 2 2
5 5 5 4 3 3 3 3 2 1 1
5 5 5 4 3 3 3 3 1 1 1 1
5 5 5 4 3 3 3 2 2 2 1
5 5 5 4 3 3 3 2 2 1 1 1
5 5 5 4 3 3 3 2 1 1 1 1 1
5 5 5 4 3 3 2 2 2 2 2
5 5 5 4 3 3 2 2 2 2 1 1
5 5 5 4 3 3 2 2 2 1 1 1 1
5 5 5 4 3 2 2 2 2 2 2 1
5 5 5 4 3 2 2 2 2 2 1 1 1
5 5 5 3 3 3 3 3 3 2
5 5 5 3 3 3 3 3 3 1 1
5 5 5 3 3 3 3 3 2 2 1
5 5 5 3 3 3 3 3 2 1 1 1
5 5 5 3 3 3 3 3 1 1 1 1 1
5 5 5 3 3 3 3 2 2 2 2
5 5 5 3 3 3 3 2 2 2 1 1
5 5 5 3 3 3 3 2 2 1 1 1 1
5 5 5 3 3 3 2 2 2 2 2 1
5 5 5 3 3 3 2 2 2 2 1 1 1
5 5 5 3 3 2 2 2 2 2 2 1 1
5 5 4 4 4 4 4 3 2
5 5 4 4 4 4 4 3 1 1
5 5 4 4 4 4 4 2 2 1
5 5 4 4 4 4 4 2 1 1 1
5 5 4 4 4 4 4 1 1 1 1 1
5 5 4 4 4 4 3 3 3
5 5 4 4 4 4 3 3 2 1
5 5 4 4 4 4 3 3 1 1 1
5 5 4 4 4 4 3 2 2 2
5 5 4 4 4 4 3 2 2 1 1
5 5 4 4 4 4 3 2 1 1 1 1
5 5 4 4 4 4 3 1 1 1 1 1 1
5 5 4 4 4 4 2 2 2 2 1
5 5 4 4 4 4 2 2 2 1 1 1
5 5 4 4 4 4 2 2 1 1 1 1 1
5 5 4 4 4 3 3 3 3 1
5 5 4 4 4 3 3 3 2 2
5 5 4 4 4 3 3 3 2 1 1
5 5 4 4 4 3 3 3 1 1 1 1
5 5 4 4 4 3 3 2 2 2 1
5 5 4 4 4 3 3 2 2 1 1 1
5 5 4 4 4 3 3 2 1 1 1 1 1
5 5 4 4 4 3 2 2 2 2 2
5 5 4 4 4 3 2 2 2 2 1 1
5 5 4 4 4 3 2 2 2 1 1 1 1
5 5 4 4 4 2 2 2 2 2 2 1
5 5 4 4 4 2 2 2 2 2 1 1 1
5 5 4 4 3 3 3 3 3 2
5 5 4 4 3 3 3 3 3 1 1
5 5 4 4 3 3 3 3 2 2 1
5 5 4 4 3 3 3 3 2 1 1 1
5 5 4 4 3 3 3 3 1 1 1 1 1
5 5 4 4 3 3 3 2 2 2 2
5 5 4 4 3 3 3 2 2 2 1 1
5 5 4 4 3 3 3 2 2 1 1 1 1
5 5 4 4 3 3 2 2 2 2 2 1
5 5 4 4 3 3 2 2 2 2 1 1 1
5 5 4 4 3 2 2 2 2 2 2 1 1
5 5 4 3 3 3 3 3 3 2 1
5 5 4 3 3 3 3 3 3 1 1 1
5 5 4 3 3 3 3 3 2 2 2
5 5 4 3 3 3 3 3 2 2 1 1
5 5 4 3 3 3 3 3 2 1 1 1 1
5 5 4 3 3 3 3 2 2 2 2 1
5 5 4 3 3 3 3 2 2 2 1 1 1
5 5 4 3 3 3 2 2 2 2 2 1 1
5 4 4 4 4 4 4 3 3
5 4 4 4 4 4 4 3 2 1
5 4 4 4 4 4 4 3 1 1 1
5 4 4 4 4 4 4 2 2 2
5 4 4 4 4 4 4 2 2 1 1
5 4 4 4 4 4 4 2 1 1 1 1
5 4 4 4 4 4 4 1 1 1 1 1 1
5 4 4 4 4 4 3 3 3 1
5 4 4 4 4 4 3 3 2 2
5 4 4 4 4 4 3 3 2 1 1
5 4 4 4 4 4 3 3 1 1 1 1
5 4 4 4 4 4 3 2 2 2 1
5 4 4 4 4 4 3 2 2 1 1 1
5 4 4 4 4 4 3 2 1 1 1 1 1
5 4 4 4 4 4 2 2 2 2 2
5 4 4 4 4 4 2 2 2 2 1 1
5 4 4 4 4 4 2 2 2 1 1 1 1
5 4 4 4 4 3 3 3 3 2
5 4 4 4 4 3 3 3 3 1 1
5 4 4 4 4 3 3 3 2 2 1
5 4 4 4 4 3 3 3 2 1 1 1
5 4 4 4 4 3 3 3 1 1 1 1 1
5 4 4 4 4 3 3 2 2 2 2
5 4 4 4 4 3 3 2 2 2 1 1
5 4 4 4 4 3 3 2 2 1 1 1 1
5 4 4 4 4 3 2 2 2 2 2 1
5 4 4 4 4 3 2 2 2 2 1 1 1
5 4 4 4 4 2 2 2 2 2 2 1 1
5 4 4 4 3 3 3 3 3 2 1
5 4 4 4 3 3 3 3 3 1 1 1
5 4 4 4 3 3 3 3 2 2 2
5 4 4 4 3 3 3 3 2 2 1 1
5 4 4 4 3 3 3 3 2 1 1 1 1
5 4 4 4 3 3 3 2 2 2 2 1
5 4 4 4 3 3 3 2 2 2 1 1 1
5 4 4 4 3 3 2 2 2 2 2 1 1
5 4 4 3 3 3 3 3 3 2 2
5 4 4 3 3 3 3 3 3 2 1 1
5 4 4 3 3 3 3 3 3 1 1 1 1
5 4 4 3 3 3 3 3 2 2 2 1
5 4 4 3 3 3 3 3 2 2 1 1 1
5 4 4 3 3 3 3 2 2 2 2 1 1
